8.311470523826439138e-02
6.894110265250284753e-02
9.108970085440863673e-02
1.270921098754539957e-01
8.565730209661963357e-02
1.113799289691099759e-01
7.726243263724573429e-02
7.279300899856794294e-02
7.953814226811434240e-02
1.034250846438264926e-01
1.328865463484669995e-01
9.525587444236965906e-02
9.468911442521524280e-02
7.482310324520756450e-02
7.210231781031578580e-02
8.621640246240991345e-02
1.247423653944199490e-01
9.751224793418078463e-02
9.573408057990222264e-02
1.239638373211965627e-01
8.430123120552054927e-02
6.970300000652659977e-02
7.696891911713042711e-02
9.517804178932426362e-02
9.822466366620155598e-02
1.048226424001432455e-01
9.841902298881055611e-02
9.644125768001926557e-02
8.554543066264699847e-02
5.802193453999074380e-02
9.248685354370700384e-02
1.233369904439771125e-01
9.762778811460599837e-02
8.428143861102445344e-02
1.223895240970309661e-01
9.117496298667378263e-02
5.930059011064667956e-02
8.684644247452748267e-02
9.752570739381793974e-02
1.064212666108090843e-01
9.848476911993989114e-02
9.590756339831142674e-02
9.672061188015583511e-02
9.579638982363555821e-02
9.728675776236016259e-02
8.730373496329299488e-02
6.005954799291769730e-02
8.115987806789196068e-02
1.323514751979875947e-01
9.350339431138943169e-02
1.223635980243582833e-01
7.722587264811499319e-02
7.321440684395508214e-02
8.971236830425996511e-02
1.066805950283451487e-01
9.814814869767762850e-02
9.486663460610086918e-02
9.089452239328983663e-02
9.179609588806425524e-02
1.223403101924687708e-01
7.698553158573674671e-02
7.362233299198658876e-02
8.989134292917150271e-02
9.749763168777486610e-02
9.843886171912172300e-02
9.490526269604977749e-02
9.222394082523142911e-02
8.835560534762218476e-02
8.986437293074758803e-02
9.433286804302236372e-02
9.823802855960028779e-02
9.778757481031437326e-02
8.967948129961172965e-02
7.342279109962272787e-02
7.619690980965132532e-02
1.223858471959954619e-01
8.999792173521604932e-02
8.769165435588435753e-02
9.272712162468858821e-02
9.740032074577865961e-02
9.826779254578385525e-02
9.093503449243930947e-02
7.597109900589253673e-02
8.514367755136814653e-02
1.212093971394091751e-01
8.879052312045142281e-02
8.884066305933063790e-02
9.106257745491928846e-02
9.626991073861723702e-02
9.851092591231297435e-02
9.605929716665109752e-02
7.785102156181285260e-02
8.280560225771621541e-02
1.194511377086425186e-01
8.942816207590233157e-02
8.868946052558296378e-02
1.197062219814088169e-01
8.383523574063297956e-02
7.697878646372413591e-02
9.620875527838929075e-02
9.892767071082395058e-02
9.677407844791947877e-02
9.174561497796634990e-02
8.932754968849591914e-02
8.910066789774957752e-02
9.006685125355720634e-02
8.999061163131455432e-02
8.881528055772575092e-02
9.242206032659155968e-02
9.725725929218054233e-02
9.927748262628011133e-02
9.577512784485883723e-02
7.015116328090940934e-02
8.540556677041209743e-02
1.200205452185121452e-01
9.062391500227894026e-02
1.291638882877276517e-01
8.137353814083517212e-02
7.128052978043432353e-02
9.652497172958324212e-02
9.942391879523042320e-02
9.679848481886341172e-02
9.151855753811626026e-02
8.953470523911828682e-02
9.022081126304809517e-02
9.084214422574360404e-02
9.053612751752838916e-02
8.979995814814599464e-02
9.093770457758731940e-02
9.637706100129092568e-02
9.944303413501127953e-02
9.700824953284051255e-02
7.211604735545686096e-02
8.058731998190958590e-02
1.291899035599813061e-01
9.108608853264704708e-02
9.069474195619232904e-02
8.993538016587616923e-02
9.059847500810025434e-02
9.611836259615758049e-02
9.944233717466537115e-02
9.724551619964276472e-02
7.248803395631447932e-02
8.019411995623453027e-02
1.291049461623635652e-01
9.116886373356256068e-02
6.784099592269063339e-02
1.205746276477301648e-01
9.151781261141996027e-02
7.464909400667613104e-02
6.965770135236849792e-02
8.421488064200793877e-02
7.587291093354003868e-02
9.426147754563203585e-02
1.189823105875881248e-01
6.994635758888885502e-02
1.270997235749477261e-01
1.346271729518912497e-01
8.435531963476583517e-02
1.030781241407900395e-01
7.430683222352586770e-02
1.249181675445790035e-01
1.024053495807657616e-01
8.179510444483645282e-02
1.067220659927407833e-01
9.268786298503436938e-02
1.008662619907166186e-01
1.105674110975369134e-01
8.832004340838622847e-02
6.977273905123299036e-02
7.637004763937869922e-02
1.291049519334100948e-01
8.019411995623453027e-02
7.258211380663584511e-02
9.724368877019284874e-02
9.943892486611212445e-02
9.602331236816626092e-02
9.050343780105066238e-02
8.993813591671226404e-02
9.069718004114887822e-02
9.126399890350045396e-02
1.290948174685388472e-01
8.049464779668553949e-02
7.211602647434586788e-02
9.709739204066505924e-02
9.933833418089266232e-02
9.618839481883056930e-02
9.086252712016261446e-02
8.990372291246424841e-02
9.063115307981176039e-02
9.108608853264704708e-02
1.291000667940301605e-01
8.145771968038408029e-02
7.156557819753506244e-02
9.660127515300366563e-02
9.923427696208414472e-02
9.661039585486556891e-02
9.145395265544839503e-02
8.962933409523463069e-02
9.032765940422590734e-02
9.092811441776552095e-02
1.199321122562808095e-01
8.551496944957774626e-02
7.061551732333201659e-02
9.576113338308674117e-02
9.901397734705659481e-02
9.715398429311387918e-02
9.223630648566208401e-02
8.923160122640035052e-02
8.997102148882797634e-02
9.051557762562520426e-02
1.021553153124040159e-01
1.246185091468916539e-01
9.996932585935899840e-02
7.075740594608032064e-02
7.794308534750725437e-02
9.833404551885069345e-02
9.845148640951355279e-02
9.432153476803747938e-02
8.893959729053788066e-02
8.941189455087279747e-02
9.006847977578640030e-02
8.874996050947144000e-02
9.113524503718267722e-02
9.613650546660491847e-02
9.847975981294677938e-02
9.583019095694111922e-02
7.882185254881036995e-02
8.412489997193485503e-02
1.182586442489459849e-01
8.949688204660635749e-02
1.209655849863948418e-01
8.519889384855550141e-02
7.592664771397023005e-02
9.092672481717689603e-02
9.814111107429282499e-02
9.730517990562162489e-02
9.271265042221703279e-02
8.778679519604140613e-02
8.884868981024260370e-02
1.224201340766289531e-01
7.612311736739375834e-02
7.375061039504013372e-02
8.958434045945468105e-02
9.759729313000027606e-02
9.821373969023185213e-02
9.441006087713980921e-02
8.991584026945570463e-02
9.001157622397863711e-02
1.041286225306595620e-01
9.247149058121544030e-02
9.654656667036613793e-02
9.704596283866175066e-02
9.262304115608482880e-02
8.116111794870793650e-02
7.459048569506267212e-02
9.139150437890830592e-02
1.273779708242028241e-01
8.807264204873474500e-02
1.213172002834249641e-01
7.850333041366248932e-02
7.447904398011205573e-02
8.949978654276005696e-02
1.066678051961189311e-01
9.811340798963164023e-02
9.480394712554018888e-02
9.077827238421019851e-02
9.661014433922324174e-02
9.585112081352557822e-02
9.722996026082353360e-02
8.726208439142189854e-02
6.017650606890136145e-02
8.106049576233054221e-02
1.322004551611654366e-01
9.322868432724680521e-02
1.058316730242856996e-01
9.811000583367621153e-02
9.813947924472514461e-02
9.025763392755788150e-02
6.750934350586251798e-02
6.782758074974291895e-02
1.046812465183376839e-01
1.273953555753996325e-01
9.557727297360210650e-02
1.219266220714644855e-01
9.364610735499315219e-02
5.910339460688601720e-02
8.534981783449725745e-02
9.683088049030748323e-02
9.836611771295086792e-02
9.734661360464072488e-02
1.061306171182051505e-01
9.748104989494382755e-02
8.829255521897864945e-02
6.507435660691913981e-02
8.005541107741204199e-02
1.006239591554866086e-01
1.289299654130241779e-01
1.044936541247458717e-01
1.234597443989282339e-01
8.729550818030477888e-02
7.109238332093809065e-02
7.482310324520756450e-02
9.496171225740904220e-02
9.750770391837712547e-02
1.110884418922383488e-01
7.711458242244560723e-02
7.292941291981525076e-02
7.939127131187267983e-02
1.034743458600333593e-01
1.329172190779754348e-01
9.510879533630314797e-02
8.249567410821606606e-02
6.871063948249679643e-02
9.086988549537136639e-02
1.274359390788672997e-01
8.555664395035743330e-02
1.040595111604296352e-01
6.437299275840421831e-02
8.468640649227604511e-02
1.060965904684229577e-01
1.249553332466497579e-01
8.402462011292345656e-02
1.170658816775510258e-01
9.545079904127093395e-02
7.520201279597872601e-02
6.992131042678799424e-02
1.347716479117634369e-01
1.268889948320981176e-01
1.032946606532509914e-01
8.461532336035693103e-02
7.426256146735507602e-02
1.243329357443496708e-01
1.024136365426160655e-01
8.198076144814744892e-02
9.295050997407487692e-02
1.064812787596689653e-01
1.083100492174833007e-01
9.832214127732122333e-02
9.773058995770905755e-02
6.711459274105702200e-02
4.754357125846100929e-02
8.311470523826439138e-02
6.894110265250284753e-02
9.108970085440863673e-02
1.270921098754539957e-01
8.565730209661963357e-02
1.113799289691099759e-01
7.726243263724573429e-02
7.279300899856794294e-02
7.953814226811434240e-02
1.034250846438264926e-01
1.328865463484669995e-01
9.525587444236965906e-02
9.468911442521524280e-02
7.482310324520756450e-02
7.210231781031578580e-02
8.621640246240991345e-02
1.247423653944199490e-01
9.751224793418078463e-02
9.573408057990222264e-02
1.239638373211965627e-01
8.430123120552054927e-02
6.970300000652659977e-02
7.696891911713042711e-02
9.517804178932426362e-02
9.822466366620155598e-02
1.048226424001432455e-01
9.841902298881055611e-02
9.644125768001926557e-02
8.554543066264699847e-02
5.802193453999074380e-02
9.248685354370700384e-02
1.233369904439771125e-01
9.762778811460599837e-02
8.428143861102445344e-02
1.223895240970309661e-01
9.117496298667378263e-02
5.930059011064667956e-02
8.684644247452748267e-02
9.752570739381793974e-02
1.064212666108090843e-01
9.848476911993989114e-02
9.590756339831142674e-02
9.672061188015583511e-02
9.579638982363555821e-02
9.728675776236016259e-02
8.730373496329299488e-02
6.005954799291769730e-02
8.115987806789196068e-02
1.323514751979875947e-01
9.350339431138943169e-02
1.223635980243582833e-01
7.722587264811499319e-02
7.321440684395508214e-02
8.971236830425996511e-02
1.066805950283451487e-01
9.814814869767762850e-02
9.486663460610086918e-02
9.089452239328983663e-02
9.179609588806425524e-02
1.223403101924687708e-01
7.698553158573674671e-02
7.362233299198658876e-02
8.989134292917150271e-02
9.749763168777486610e-02
9.843886171912172300e-02
9.490526269604977749e-02
9.222394082523142911e-02
8.835560534762218476e-02
8.986437293074758803e-02
9.433286804302236372e-02
9.823802855960028779e-02
9.778757481031437326e-02
8.967948129961172965e-02
7.342279109962272787e-02
7.619690980965132532e-02
1.223858471959954619e-01
8.999792173521604932e-02
8.769165435588435753e-02
9.272712162468858821e-02
9.740032074577865961e-02
9.826779254578385525e-02
9.093503449243930947e-02
7.597109900589253673e-02
8.514367755136814653e-02
1.212093971394091751e-01
8.879052312045142281e-02
8.884066305933063790e-02
9.106257745491928846e-02
9.626991073861723702e-02
9.851092591231297435e-02
9.605929716665109752e-02
7.785102156181285260e-02
8.280560225771621541e-02
1.194511377086425186e-01
8.942816207590233157e-02
8.868946052558296378e-02
1.197062219814088169e-01
8.383523574063297956e-02
7.697878646372413591e-02
9.620875527838929075e-02
9.892767071082395058e-02
9.677407844791947877e-02
9.174561497796634990e-02
8.932754968849591914e-02
8.910066789774957752e-02
9.006685125355720634e-02
8.999061163131455432e-02
8.881528055772575092e-02
9.242206032659155968e-02
9.725725929218054233e-02
9.927748262628011133e-02
9.577512784485883723e-02
7.015116328090940934e-02
8.540556677041209743e-02
1.200205452185121452e-01
9.062391500227894026e-02
1.291638882877276517e-01
8.137353814083517212e-02
7.128052978043432353e-02
9.652497172958324212e-02
9.942391879523042320e-02
9.679848481886341172e-02
9.151855753811626026e-02
8.953470523911828682e-02
9.022081126304809517e-02
9.084214422574360404e-02
9.053612751752838916e-02
8.979995814814599464e-02
9.093770457758731940e-02
9.637706100129092568e-02
9.944303413501127953e-02
9.700824953284051255e-02
7.211604735545686096e-02
8.058731998190958590e-02
1.291899035599813061e-01
9.108608853264704708e-02
9.069474195619232904e-02
8.993538016587616923e-02
9.059847500810025434e-02
9.611836259615758049e-02
9.944233717466537115e-02
9.724551619964276472e-02
7.248803395631447932e-02
8.019411995623453027e-02
1.291049461623635652e-01
9.116886373356256068e-02
6.784099592269063339e-02
1.205746276477301648e-01
9.151781261141996027e-02
7.464909400667613104e-02
6.965770135236849792e-02
8.421488064200793877e-02
7.587291093354003868e-02
9.426147754563203585e-02
1.189823105875881248e-01
6.994635758888885502e-02
1.270997235749477261e-01
1.346271729518912497e-01
8.435531963476583517e-02
1.030781241407900395e-01
7.430683222352586770e-02
1.249181675445790035e-01
1.024053495807657616e-01
8.179510444483645282e-02
1.067220659927407833e-01
9.268786298503436938e-02
1.008662619907166186e-01
1.105674110975369134e-01
8.832004340838622847e-02
6.977273905123299036e-02
7.637004763937869922e-02
1.291049519334100948e-01
8.019411995623453027e-02
7.258211380663584511e-02
9.724368877019284874e-02
9.943892486611212445e-02
9.602331236816626092e-02
9.050343780105066238e-02
8.993813591671226404e-02
9.069718004114887822e-02
9.126399890350045396e-02
1.290948174685388472e-01
8.049464779668553949e-02
7.211602647434586788e-02
9.709739204066505924e-02
9.933833418089266232e-02
9.618839481883056930e-02
9.086252712016261446e-02
8.990372291246424841e-02
9.063115307981176039e-02
9.108608853264704708e-02
1.291000667940301605e-01
8.145771968038408029e-02
7.156557819753506244e-02
9.660127515300366563e-02
9.923427696208414472e-02
9.661039585486556891e-02
9.145395265544839503e-02
8.962933409523463069e-02
9.032765940422590734e-02
9.092811441776552095e-02
1.199321122562808095e-01
8.551496944957774626e-02
7.061551732333201659e-02
9.576113338308674117e-02
9.901397734705659481e-02
9.715398429311387918e-02
9.223630648566208401e-02
8.923160122640035052e-02
8.997102148882797634e-02
9.051557762562520426e-02
1.021553153124040159e-01
1.246185091468916539e-01
9.996932585935899840e-02
7.075740594608032064e-02
7.794308534750725437e-02
9.833404551885069345e-02
9.845148640951355279e-02
9.432153476803747938e-02
8.893959729053788066e-02
8.941189455087279747e-02
9.006847977578640030e-02
8.874996050947144000e-02
9.113524503718267722e-02
9.613650546660491847e-02
9.847975981294677938e-02
9.583019095694111922e-02
7.882185254881036995e-02
8.412489997193485503e-02
1.182586442489459849e-01
8.949688204660635749e-02
1.209655849863948418e-01
8.519889384855550141e-02
7.592664771397023005e-02
9.092672481717689603e-02
9.814111107429282499e-02
9.730517990562162489e-02
9.271265042221703279e-02
8.778679519604140613e-02
8.884868981024260370e-02
1.224201340766289531e-01
7.612311736739375834e-02
7.375061039504013372e-02
8.958434045945468105e-02
9.759729313000027606e-02
9.821373969023185213e-02
9.441006087713980921e-02
8.991584026945570463e-02
9.001157622397863711e-02
1.041286225306595620e-01
9.247149058121544030e-02
9.654656667036613793e-02
9.704596283866175066e-02
9.262304115608482880e-02
8.116111794870793650e-02
7.459048569506267212e-02
9.139150437890830592e-02
1.273779708242028241e-01
8.807264204873474500e-02
1.213172002834249641e-01
7.850333041366248932e-02
7.447904398011205573e-02
8.949978654276005696e-02
1.066678051961189311e-01
9.811340798963164023e-02
9.480394712554018888e-02
9.077827238421019851e-02
9.661014433922324174e-02
9.585112081352557822e-02
9.722996026082353360e-02
8.726208439142189854e-02
6.017650606890136145e-02
8.106049576233054221e-02
1.322004551611654366e-01
9.322868432724680521e-02
1.058316730242856996e-01
9.811000583367621153e-02
9.813947924472514461e-02
9.025763392755788150e-02
6.750934350586251798e-02
6.782758074974291895e-02
1.046812465183376839e-01
1.273953555753996325e-01
9.557727297360210650e-02
1.219266220714644855e-01
9.364610735499315219e-02
5.910339460688601720e-02
8.534981783449725745e-02
9.683088049030748323e-02
9.836611771295086792e-02
9.734661360464072488e-02
1.061306171182051505e-01
9.748104989494382755e-02
8.829255521897864945e-02
6.507435660691913981e-02
8.005541107741204199e-02
1.006239591554866086e-01
1.289299654130241779e-01
1.044936541247458717e-01
1.234597443989282339e-01
8.729550818030477888e-02
7.109238332093809065e-02
7.482310324520756450e-02
9.496171225740904220e-02
9.750770391837712547e-02
1.110884418922383488e-01
7.711458242244560723e-02
7.292941291981525076e-02
7.939127131187267983e-02
1.034743458600333593e-01
1.329172190779754348e-01
9.510879533630314797e-02
8.249567410821606606e-02
6.871063948249679643e-02
9.086988549537136639e-02
1.274359390788672997e-01
8.555664395035743330e-02
1.040595111604296352e-01
6.437299275840421831e-02
8.468640649227604511e-02
1.060965904684229577e-01
1.249553332466497579e-01
8.402462011292345656e-02
1.170658816775510258e-01
9.545079904127093395e-02
7.520201279597872601e-02
6.992131042678799424e-02
1.347716479117634369e-01
1.268889948320981176e-01
1.032946606532509914e-01
8.461532336035693103e-02
7.426256146735507602e-02
1.243329357443496708e-01
1.024136365426160655e-01
8.198076144814744892e-02
9.295050997407487692e-02
1.064812787596689653e-01
1.083100492174833007e-01
9.832214127732122333e-02
9.773058995770905755e-02
6.711459274105702200e-02
4.754357125846100929e-02
7.020546045260445123e-02
9.390210169120849493e-02
1.101887645035930924e-01
1.187380044085559472e-01
1.263686296571332190e-01
1.207783632859142781e-01
1.282558472678015649e-01
1.221173348390832830e-01
1.236532422282795030e-01
1.143595560325240124e-01
1.169011020623316882e-01
1.092449682476232670e-01
9.468361761330210125e-02
8.867588638974310822e-02
8.347899500626232427e-02
8.620483507485673935e-02
9.025706785353199146e-02
8.940313999252771926e-02
9.265759731568183610e-02
9.551394755658332292e-02
9.790254552001975696e-02
1.001040251589832286e-01
1.019074329276891122e-01
1.034533349962583615e-01
1.047884788066049677e-01
1.045670451231395792e-01
1.054227072119523628e-01
1.060882268416971225e-01
1.064684598008151101e-01
1.066585440409461710e-01
1.066585440409461710e-01
1.064684598008151101e-01
1.060882268416971225e-01
1.054227072119523628e-01
1.045670451231395792e-01
1.047884788066049677e-01
1.034533349962583615e-01
1.019074329276891122e-01
1.001040251589832286e-01
9.790254552001975696e-02
9.551394755658332292e-02
9.265759731568183610e-02
8.940313999252771926e-02
9.025706785353199146e-02
8.620483507485673935e-02
8.347899500626232427e-02
8.867588638974310822e-02
9.468361761330210125e-02
1.092449682476232670e-01
1.169011020623316882e-01
1.143595560325240124e-01
1.236532422282795030e-01
1.221173348390832830e-01
1.282558472678015649e-01
1.207783632859142781e-01
1.263686296571332190e-01
1.187380044085559472e-01
1.101887645035930924e-01
9.390210169120849493e-02
7.020546045260445123e-02
8.573334498104778767e-02
9.312374903186426689e-02
9.337028397662727741e-02
9.380541447918230857e-02
9.336874320106686165e-02
8.136989136734772143e-02
5.193482492730194799e-02
5.790626551554077517e-02
6.050811289264707710e-02
6.779120655606610257e-02
9.055260482841642755e-02
1.025227131874665298e-01
1.118621692012059798e-01
1.095940553222516656e-01
1.166652540330495175e-01
1.042240534793550250e-01
1.007713050019405782e-01
9.740247347285942159e-02
9.432664232278767380e-02
9.148139802872007342e-02
8.742834018544295982e-02
7.834879800872132649e-02
7.791641469209900639e-02
7.981421198121040061e-02
8.150309909959806143e-02
8.302816691873687871e-02
8.434423403889877713e-02
8.544737154842946270e-02
8.648265252046601070e-02
8.583749006596841369e-02
8.649774684410260761e-02
8.687286930852637645e-02
8.715580711272584435e-02
8.734496274344291655e-02
8.734496274344291655e-02
8.715580711272584435e-02
8.687286930852637645e-02
8.649774684410260761e-02
8.583749006596841369e-02
8.648265252046601070e-02
8.544737154842946270e-02
8.434423403889877713e-02
8.302816691873687871e-02
8.150309909959806143e-02
7.981421198121040061e-02
7.791641469209900639e-02
7.834879800872132649e-02
8.742834018544295982e-02
9.148139802872007342e-02
9.432664232278767380e-02
9.740247347285942159e-02
1.007713050019405782e-01
1.042240534793550250e-01
1.166652540330495175e-01
1.095940553222516656e-01
1.118621692012059798e-01
1.025227131874665298e-01
9.055260482841642755e-02
6.779120655606610257e-02
6.050811289264707710e-02
5.790626551554077517e-02
5.193482492730194799e-02
8.136989136734772143e-02
9.336874320106686165e-02
9.380541447918230857e-02
9.337028397662727741e-02
9.312374903186426689e-02
8.573334498104778767e-02
8.082142042204770727e-02
8.526132773613685767e-02
8.130750118707472107e-02
7.726238389924552918e-02
7.222962757857537275e-02
6.388032055087845829e-02
5.670929038089345120e-02
6.804186561980354875e-02
5.767877528254500979e-02
6.585709129401069728e-02
7.916379021204900113e-02
8.854490738164293162e-02
1.011564254727764928e-01
1.033870423608030109e-01
1.008135774156378589e-01
1.008384791281118631e-01
1.002379996380944327e-01
9.931347424702391402e-02
9.821530309206273623e-02
9.695492354045093242e-02
9.576057441354407507e-02
8.720538609504098482e-02
8.608834433896722649e-02
8.502101896714772677e-02
8.404666646188166390e-02
8.317018300557918464e-02
8.233163367031459678e-02
8.159017751313391020e-02
8.093780641478615090e-02
7.729515652977210494e-02
7.699653509958510889e-02
7.670096636149699443e-02
7.650236498819400210e-02
7.640408408232494952e-02
7.640408408232494952e-02
7.650236498819400210e-02
7.670096636149699443e-02
7.699653509958510889e-02
7.729515652977210494e-02
8.093780641478615090e-02
8.159017751313391020e-02
8.233163367031459678e-02
8.317018300557918464e-02
8.404666646188166390e-02
8.502101896714772677e-02
8.608834433896722649e-02
8.720538609504098482e-02
9.576057441354407507e-02
9.695492354045093242e-02
9.821530309206273623e-02
9.931347424702391402e-02
1.002379996380944327e-01
1.008384791281118631e-01
1.008135774156378589e-01
1.033870423608030109e-01
1.011564254727764928e-01
8.854490738164293162e-02
7.916379021204900113e-02
6.585709129401069728e-02
5.767877528254500979e-02
6.804186561980354875e-02
5.670929038089345120e-02
6.388032055087845829e-02
7.222962757857537275e-02
7.726238389924552918e-02
8.130750118707472107e-02
8.526132773613685767e-02
8.082142042204770727e-02
7.901348404079770738e-02
7.677024245026906057e-02
7.207770413270257748e-02
7.167596486169076908e-02
6.662577055418902883e-02
7.575712469481725442e-02
7.515815303698543393e-02
6.862002179118559253e-02
7.339683370284960651e-02
8.715671710570166431e-02
7.698689473695689844e-02
8.049132815599856217e-02
8.140985129847097546e-02
8.194656222407413482e-02
8.519382919134685372e-02
9.699491718997767242e-02
9.850722475929805932e-02
9.742895763903713924e-02
9.800805080246710599e-02
9.820280856816243631e-02
9.100654930712376300e-02
9.097062924043748666e-02
9.089851875166220230e-02
9.073730996151338490e-02
9.049544490862682089e-02
9.016778714462711508e-02
8.993642723489594926e-02
8.965939840863147714e-02
8.938206766756134902e-02
8.634199458406272010e-02
8.622926836707864306e-02
8.612105918647225411e-02
8.601734440312222563e-02
8.601327753313287028e-02
8.601327753313287028e-02
8.601734440312222563e-02
8.612105918647225411e-02
8.622926836707864306e-02
8.634199458406272010e-02
8.938206766756134902e-02
8.965939840863147714e-02
8.993642723489594926e-02
9.016778714462711508e-02
9.049544490862682089e-02
9.073730996151338490e-02
9.089851875166220230e-02
9.097062924043748666e-02
9.100654930712376300e-02
9.820280856816243631e-02
9.800805080246710599e-02
9.742895763903713924e-02
9.850722475929805932e-02
9.699491718997767242e-02
8.519382919134685372e-02
8.194656222407413482e-02
8.140985129847097546e-02
8.049132815599856217e-02
7.698689473695689844e-02
8.715671710570166431e-02
7.339683370284960651e-02
6.862002179118559253e-02
7.515815303698543393e-02
7.575712469481725442e-02
6.662577055418902883e-02
7.167596486169076908e-02
7.207770413270257748e-02
7.677024245026906057e-02
7.901348404079770738e-02
7.219057854509089434e-02
7.300280263423612748e-02
7.870586931539277908e-02
8.369598881623717401e-02
8.841943637635879538e-02
9.514222612226924669e-02
7.907886444687611815e-02
8.082733832663008267e-02
8.830174398143904313e-02
8.636604247564121095e-02
9.707642539496344480e-02
9.238719574568253490e-02
8.437959413547775622e-02
7.946521102607721765e-02
8.117435979090846521e-02
8.070496213885176850e-02
9.326752985368801097e-02
9.548401215869664616e-02
9.731259443437535739e-02
9.858597477526619135e-02
9.154071411134342973e-02
9.170478234610086876e-02
9.240182585726552933e-02
9.305874598885055526e-02
9.350055539568200014e-02
9.376199837714258023e-02
9.394476931693498956e-02
9.412880785592189770e-02
9.413408181559118626e-02
9.156926402025267198e-02
9.174632832684886941e-02
9.182893612339060319e-02
9.191587421795593960e-02
9.191199310937328559e-02
9.191199310937328559e-02
9.191587421795593960e-02
9.182893612339060319e-02
9.174632832684886941e-02
9.156926402025267198e-02
9.413408181559118626e-02
9.412880785592189770e-02
9.394476931693498956e-02
9.376199837714258023e-02
9.350055539568200014e-02
9.305874598885055526e-02
9.240182585726552933e-02
9.170478234610086876e-02
9.154071411134342973e-02
9.858597477526619135e-02
9.731259443437535739e-02
9.548401215869664616e-02
9.326752985368801097e-02
8.070496213885176850e-02
8.117435979090846521e-02
7.946521102607721765e-02
8.437959413547775622e-02
9.238719574568253490e-02
9.707642539496344480e-02
8.636604247564121095e-02
8.830174398143904313e-02
8.082733832663008267e-02
7.907886444687611815e-02
9.514222612226924669e-02
8.841943637635879538e-02
8.369598881623717401e-02
7.870586931539277908e-02
7.300280263423612748e-02
7.219057854509089434e-02
8.273378670391492995e-02
8.231489762209329153e-02
8.619852288068417800e-02
9.307312089416043543e-02
9.586270265649998734e-02
9.797860140277969698e-02
8.828714639439205758e-02
8.755864621751416332e-02
9.542887552076313729e-02
9.493544028533798529e-02
9.291229798541913998e-02
9.747238345327492726e-02
9.329260818257666121e-02
8.894451225641820946e-02
8.161540071280724840e-02
7.825587002989588259e-02
9.039115869166779171e-02
9.079078762882067388e-02
8.511182904617446698e-02
8.746171507646935406e-02
8.936208300846144870e-02
9.100299556651192390e-02
9.233676263586838850e-02
9.345352370593179581e-02
9.439735266899808297e-02
9.462317256417114575e-02
9.521161274251811746e-02
9.571275281350091757e-02
9.347914932752458828e-02
9.394033964257089697e-02
9.421167675067666780e-02
9.448891852777931144e-02
9.467377615873086294e-02
9.467107066954016936e-02
9.467107066954016936e-02
9.467377615873086294e-02
9.448891852777931144e-02
9.421167675067666780e-02
9.394033964257089697e-02
9.347914932752458828e-02
9.571275281350091757e-02
9.521161274251811746e-02
9.462317256417114575e-02
9.439735266899808297e-02
9.345352370593179581e-02
9.233676263586838850e-02
9.100299556651192390e-02
8.936208300846144870e-02
8.746171507646935406e-02
8.511182904617446698e-02
9.079078762882067388e-02
9.039115869166779171e-02
7.825587002989588259e-02
8.161540071280724840e-02
8.894451225641820946e-02
9.329260818257666121e-02
9.747238345327492726e-02
9.291229798541913998e-02
9.493544028533798529e-02
9.542887552076313729e-02
8.755864621751416332e-02
8.828714639439205758e-02
9.797860140277969698e-02
9.586270265649998734e-02
9.307312089416043543e-02
8.619852288068417800e-02
8.231489762209329153e-02
8.273378670391492995e-02
8.470093790387246691e-02
9.283811819098633511e-02
9.465134398208437105e-02
9.614654655518906079e-02
1.062306361077776096e-01
9.941735954763050720e-02
9.901840709190289080e-02
9.059190537567728130e-02
1.006909956760357050e-01
1.007883749423107850e-01
9.411016426554490166e-02
9.194976110453330354e-02
9.832312513222360439e-02
9.307839181816451868e-02
8.949865879025045712e-02
8.481575513964099977e-02
8.130965834809997239e-02
7.928606935871423955e-02
8.223002455683718626e-02
8.383553206055482931e-02
8.620892903880077174e-02
8.822749207704291829e-02
8.997946496595665700e-02
9.150609722851099637e-02
9.281837909452315960e-02
9.390762025853655048e-02
9.482420620072574968e-02
9.564893108062903770e-02
9.336532174642853121e-02
9.402492655797443921e-02
9.449284980817905522e-02
9.477129706891931904e-02
9.505340951887351897e-02
9.514677460338262505e-02
9.514677460338262505e-02
9.505340951887351897e-02
9.477129706891931904e-02
9.449284980817905522e-02
9.402492655797443921e-02
9.336532174642853121e-02
9.564893108062903770e-02
9.482420620072574968e-02
9.390762025853655048e-02
9.281837909452315960e-02
9.150609722851099637e-02
8.997946496595665700e-02
8.822749207704291829e-02
8.620892903880077174e-02
8.383553206055482931e-02
8.223002455683718626e-02
7.928606935871423955e-02
8.130965834809997239e-02
8.481575513964099977e-02
8.949865879025045712e-02
9.307839181816451868e-02
9.832312513222360439e-02
9.194976110453330354e-02
9.411016426554490166e-02
1.007883749423107850e-01
1.006909956760357050e-01
9.059190537567728130e-02
9.901840709190289080e-02
9.941735954763050720e-02
1.062306361077776096e-01
9.614654655518906079e-02
9.465134398208437105e-02
9.283811819098633511e-02
8.470093790387246691e-02
9.471834921083803482e-02
9.608378447569401737e-02
1.045881777302759136e-01
1.091495199600762966e-01
9.724573706833711251e-02
9.668179742717662728e-02
9.556663444557594866e-02
9.425155307377555691e-02
9.401625771618569993e-02
1.059009842159490677e-01
1.059582812713146943e-01
1.010767943165204741e-01
9.934981065988846005e-02
9.698905587633221970e-02
9.189532455794090227e-02
8.890283367513684976e-02
8.588423726221262877e-02
8.148897629878887328e-02
7.873523738661160343e-02
8.111209069238027591e-02
8.348696304899272391e-02
8.571690810327294019e-02
8.691656417996715400e-02
8.863293693722902600e-02
9.012406636646158598e-02
9.139522563420238166e-02
9.257711503933542529e-02
9.087576539596291247e-02
9.172992971649736316e-02
9.239249209252214934e-02
9.296195146046162816e-02
9.334042274651047078e-02
9.362511541328343012e-02
9.381456829041077972e-02
9.381456829041077972e-02
9.362511541328343012e-02
9.334042274651047078e-02
9.296195146046162816e-02
9.239249209252214934e-02
9.172992971649736316e-02
9.087576539596291247e-02
9.257711503933542529e-02
9.139522563420238166e-02
9.012406636646158598e-02
8.863293693722902600e-02
8.691656417996715400e-02
8.571690810327294019e-02
8.348696304899272391e-02
8.111209069238027591e-02
7.873523738661160343e-02
8.148897629878887328e-02
8.588423726221262877e-02
8.890283367513684976e-02
9.189532455794090227e-02
9.698905587633221970e-02
9.934981065988846005e-02
1.010767943165204741e-01
1.059582812713146943e-01
1.059009842159490677e-01
9.401625771618569993e-02
9.425155307377555691e-02
9.556663444557594866e-02
9.668179742717662728e-02
9.724573706833711251e-02
1.091495199600762966e-01
1.045881777302759136e-01
9.608378447569401737e-02
9.471834921083803482e-02
9.700172617791050222e-02
1.044325386282901613e-01
1.088836822082096811e-01
9.560554929018143244e-02
9.455610075996559449e-02
9.305237707693947424e-02
9.133929251802355709e-02
8.991625996692848011e-02
9.042986195094369906e-02
9.148530425354373108e-02
1.042284341898656180e-01
1.040435420818901086e-01
9.886874128622351321e-02
9.756967090900170447e-02
9.564985456031541156e-02
9.068893161735995523e-02
8.837781820171276836e-02
8.588451145919585861e-02
8.347725795239516189e-02
7.945663352830527326e-02
8.015187336908435878e-02
8.218444701566979260e-02
8.411545092405614543e-02
8.582129800520210683e-02
8.734373716851984160e-02
8.824659623282102294e-02
8.696476877053628540e-02
8.801098350540817461e-02
8.896228206684707318e-02
8.962837602043309537e-02
9.029436114484240550e-02
9.067492407751780170e-02
9.096023971014503828e-02
9.115052139045912161e-02
9.115052139045912161e-02
9.096023971014503828e-02
9.067492407751780170e-02
9.029436114484240550e-02
8.962837602043309537e-02
8.896228206684707318e-02
8.801098350540817461e-02
8.696476877053628540e-02
8.824659623282102294e-02
8.734373716851984160e-02
8.582129800520210683e-02
8.411545092405614543e-02
8.218444701566979260e-02
8.015187336908435878e-02
7.945663352830527326e-02
8.347725795239516189e-02
8.588451145919585861e-02
8.837781820171276836e-02
9.068893161735995523e-02
9.564985456031541156e-02
9.756967090900170447e-02
9.886874128622351321e-02
1.040435420818901086e-01
1.042284341898656180e-01
9.148530425354373108e-02
9.042986195094369906e-02
8.991625996692848011e-02
9.133929251802355709e-02
9.305237707693947424e-02
9.455610075996559449e-02
9.560554929018143244e-02
1.088836822082096811e-01
1.044325386282901613e-01
9.700172617791050222e-02
1.043892566832801683e-01
1.089613626681353586e-01
9.488463186348261580e-02
9.304631088961826113e-02
9.118052777846616386e-02
8.922909613559644459e-02
9.695414088085997639e-02
8.564492730833705991e-02
8.712447767593106684e-02
8.855226977335486915e-02
8.960424770159738928e-02
1.024472374033586625e-01
1.022474795850802365e-01
9.698762039912323107e-02
9.594055016703784133e-02
9.454797796087187345e-02
9.290344296316468964e-02
8.808056616416112816e-02
8.606661762730709320e-02
8.415953900808190169e-02
8.225249516507818215e-02
7.899404320001215951e-02
8.079787827954074131e-02
8.237792922512381100e-02
8.382302275714861861e-02
8.263169715622531442e-02
8.375479420462335345e-02
8.479392362088621071e-02
8.564167387968737999e-02
8.630353967240934898e-02
8.687276660559917207e-02
8.734588345163851741e-02
8.763075146544435645e-02
8.772556132240781623e-02
8.772556132240781623e-02
8.763075146544435645e-02
8.734588345163851741e-02
8.687276660559917207e-02
8.630353967240934898e-02
8.564167387968737999e-02
8.479392362088621071e-02
8.375479420462335345e-02
8.263169715622531442e-02
8.382302275714861861e-02
8.237792922512381100e-02
8.079787827954074131e-02
7.899404320001215951e-02
8.225249516507818215e-02
8.415953900808190169e-02
8.606661762730709320e-02
8.808056616416112816e-02
9.290344296316468964e-02
9.454797796087187345e-02
9.594055016703784133e-02
9.698762039912323107e-02
1.022474795850802365e-01
1.024472374033586625e-01
8.960424770159738928e-02
8.855226977335486915e-02
8.712447767593106684e-02
8.564492730833705991e-02
9.695414088085997639e-02
8.922909613559644459e-02
9.118052777846616386e-02
9.304631088961826113e-02
9.488463186348261580e-02
1.089613626681353586e-01
1.043892566832801683e-01
9.686948893154520568e-02
9.467267392394008996e-02
9.234332057475977407e-02
8.997541160404771976e-02
8.774035231723062433e-02
9.528494547666667425e-02
9.485257057559380589e-02
9.481323343713328466e-02
9.496054772543863209e-02
8.583193172210086541e-02
8.706023247865246617e-02
8.788758163981812144e-02
8.831242472737720062e-02
8.832468041313211449e-02
8.407632139952651851e-02
9.474108392986752003e-02
9.372406962924718921e-02
9.240032682084306503e-02
8.785953519748568308e-02
8.647379403613632276e-02
8.487732153716229244e-02
8.345022282615439935e-02
7.659258171222114997e-02
7.770191829440532827e-02
7.857588120074447680e-02
7.957207035534670514e-02
8.058448720601840698e-02
8.141264665531350309e-02
8.215120733319787594e-02
8.280370447920906707e-02
8.326886256575677381e-02
8.364173018769328893e-02
8.392220290403722138e-02
8.401510726211437741e-02
8.401510726211437741e-02
8.392220290403722138e-02
8.364173018769328893e-02
8.326886256575677381e-02
8.280370447920906707e-02
8.215120733319787594e-02
8.141264665531350309e-02
8.058448720601840698e-02
7.957207035534670514e-02
7.857588120074447680e-02
7.770191829440532827e-02
7.659258171222114997e-02
8.345022282615439935e-02
8.487732153716229244e-02
8.647379403613632276e-02
8.785953519748568308e-02
9.240032682084306503e-02
9.372406962924718921e-02
9.474108392986752003e-02
8.407632139952651851e-02
8.832468041313211449e-02
8.831242472737720062e-02
8.788758163981812144e-02
8.706023247865246617e-02
8.583193172210086541e-02
9.496054772543863209e-02
9.481323343713328466e-02
9.485257057559380589e-02
9.528494547666667425e-02
8.774035231723062433e-02
8.997541160404771976e-02
9.234332057475977407e-02
9.467267392394008996e-02
9.686948893154520568e-02
9.482864087808542952e-02
9.223931049339847976e-02
8.930810748196646442e-02
8.673634055819912092e-02
9.686230732885398043e-02
9.480633482102047982e-02
9.317663121334107679e-02
9.327475912777991041e-02
9.315388276387878697e-02
8.343899527833491259e-02
8.478551283435881158e-02
8.569347710305272314e-02
8.648862022276387895e-02
8.688316280110906786e-02
8.700799692956874554e-02
8.263380415150629876e-02
8.228682076783011556e-02
8.173849760674274656e-02
8.097060810100548123e-02
8.012841158153612142e-02
7.835553405622212864e-02
7.733883602126943868e-02
7.645290998110196301e-02
7.548170881426134737e-02
7.619393793887624389e-02
7.694541554103014047e-02
7.761707516464738665e-02
7.820788800980613131e-02
7.877155461479434795e-02
7.922011135534426374e-02
7.966939374079297365e-02
7.993963199108695961e-02
8.021496367232180957e-02
8.030509219594486603e-02
8.030509219594486603e-02
8.021496367232180957e-02
7.993963199108695961e-02
7.966939374079297365e-02
7.922011135534426374e-02
7.877155461479434795e-02
7.820788800980613131e-02
7.761707516464738665e-02
7.694541554103014047e-02
7.619393793887624389e-02
7.548170881426134737e-02
7.645290998110196301e-02
7.733883602126943868e-02
7.835553405622212864e-02
8.012841158153612142e-02
8.097060810100548123e-02
8.173849760674274656e-02
8.228682076783011556e-02
8.263380415150629876e-02
8.700799692956874554e-02
8.688316280110906786e-02
8.648862022276387895e-02
8.569347710305272314e-02
8.478551283435881158e-02
8.343899527833491259e-02
9.315388276387878697e-02
9.327475912777991041e-02
9.317663121334107679e-02
9.480633482102047982e-02
9.686230732885398043e-02
8.673634055819912092e-02
8.930810748196646442e-02
9.223931049339847976e-02
9.482864087808542952e-02
9.257072998888142557e-02
8.926823236688841146e-02
8.629248094737715369e-02
9.621072679209004275e-02
9.393725085942047914e-02
9.219900898977725912e-02
9.136874720631014968e-02
9.170963424377819029e-02
9.275329654426586745e-02
8.150470994215168463e-02
8.268052552869334382e-02
8.368143291118473881e-02
8.466896290342745823e-02
8.535221393173164639e-02
8.568119718754681202e-02
8.598206114618407725e-02
8.163002052727914848e-02
8.154730656937964062e-02
8.132605862644229355e-02
8.089238693311991135e-02
8.031869326185021862e-02
7.967916800882306194e-02
7.896373277333311458e-02
7.751278617252435610e-02
7.691806534323186728e-02
7.621651295866098408e-02
7.562559091932957722e-02
7.536247901314288566e-02
7.564848519592473619e-02
7.605963505403984248e-02
7.629357318044290015e-02
7.654048802128787798e-02
7.660972020695973328e-02
7.669132873444522991e-02
7.669132873444522991e-02
7.660972020695973328e-02
7.654048802128787798e-02
7.629357318044290015e-02
7.605963505403984248e-02
7.564848519592473619e-02
7.536247901314288566e-02
7.562559091932957722e-02
7.621651295866098408e-02
7.691806534323186728e-02
7.751278617252435610e-02
7.896373277333311458e-02
7.967916800882306194e-02
8.031869326185021862e-02
8.089238693311991135e-02
8.132605862644229355e-02
8.154730656937964062e-02
8.163002052727914848e-02
8.598206114618407725e-02
8.568119718754681202e-02
8.535221393173164639e-02
8.466896290342745823e-02
8.368143291118473881e-02
8.268052552869334382e-02
8.150470994215168463e-02
9.275329654426586745e-02
9.170963424377819029e-02
9.136874720631014968e-02
9.219900898977725912e-02
9.393725085942047914e-02
9.621072679209004275e-02
8.629248094737715369e-02
8.926823236688841146e-02
9.257072998888142557e-02
8.973119437085758099e-02
8.633409135549263702e-02
9.072110517701935384e-02
9.334840800892435508e-02
9.153307136717632464e-02
9.026630253795742131e-02
8.995076438243226891e-02
9.041654272478967524e-02
9.128484241330774018e-02
7.979554287726182971e-02
8.088490314970243900e-02
8.189592502909594229e-02
8.289529299434506004e-02
8.372825868488656398e-02
8.436029107274889416e-02
8.487122594009410825e-02
8.516592497857811139e-02
8.514204255083526740e-02
8.112251865651153027e-02
8.109980314946857449e-02
8.090466723934566784e-02
8.066486252293715575e-02
8.029992203961965058e-02
7.986900826456405644e-02
7.935876647020650987e-02
7.882925088672841640e-02
7.798890263213764662e-02
7.759285307360841433e-02
7.721152836872428871e-02
7.694127348582777137e-02
7.659225287134248383e-02
7.645639368968873417e-02
7.632753512036327681e-02
7.621552413797687275e-02
7.621552413797687275e-02
7.632753512036327681e-02
7.645639368968873417e-02
7.659225287134248383e-02
7.694127348582777137e-02
7.721152836872428871e-02
7.759285307360841433e-02
7.798890263213764662e-02
7.882925088672841640e-02
7.935876647020650987e-02
7.986900826456405644e-02
8.029992203961965058e-02
8.066486252293715575e-02
8.090466723934566784e-02
8.109980314946857449e-02
8.112251865651153027e-02
8.514204255083526740e-02
8.516592497857811139e-02
8.487122594009410825e-02
8.436029107274889416e-02
8.372825868488656398e-02
8.289529299434506004e-02
8.189592502909594229e-02
8.088490314970243900e-02
7.979554287726182971e-02
9.128484241330774018e-02
9.041654272478967524e-02
8.995076438243226891e-02
9.026630253795742131e-02
9.153307136717632464e-02
9.334840800892435508e-02
9.072110517701935384e-02
8.633409135549263702e-02
8.973119437085758099e-02
9.016617946955166052e-02
8.827076360992708315e-02
9.111497982349690827e-02
8.974988646379881974e-02
8.987126040467323385e-02
9.041014499571770058e-02
9.101612096117803197e-02
7.915886342954314703e-02
7.956870489546999381e-02
7.993245723497420518e-02
8.030193915582750641e-02
8.126507401777724460e-02
8.217619832194149321e-02
8.291662015444332956e-02
8.354967275691027595e-02
8.406268736506432304e-02
8.445575608277416935e-02
8.467845649238514572e-02
8.467777219338108730e-02
8.107981998310657967e-02
8.116928831580834391e-02
8.113175925944360323e-02
8.101964353420904041e-02
8.078785875113786430e-02
8.057513626172806143e-02
8.028978628596158962e-02
7.999371440327462945e-02
7.972351897182511360e-02
7.948012614498108086e-02
7.926434812708564592e-02
7.907686531840547872e-02
7.900559722604821866e-02
7.888104900105215311e-02
7.888104900105215311e-02
7.900559722604821866e-02
7.907686531840547872e-02
7.926434812708564592e-02
7.948012614498108086e-02
7.972351897182511360e-02
7.999371440327462945e-02
8.028978628596158962e-02
8.057513626172806143e-02
8.078785875113786430e-02
8.101964353420904041e-02
8.113175925944360323e-02
8.116928831580834391e-02
8.107981998310657967e-02
8.467777219338108730e-02
8.467845649238514572e-02
8.445575608277416935e-02
8.406268736506432304e-02
8.354967275691027595e-02
8.291662015444332956e-02
8.217619832194149321e-02
8.126507401777724460e-02
8.030193915582750641e-02
7.993245723497420518e-02
7.956870489546999381e-02
7.915886342954314703e-02
9.101612096117803197e-02
9.041014499571770058e-02
8.987126040467323385e-02
8.974988646379881974e-02
9.111497982349690827e-02
8.827076360992708315e-02
9.016617946955166052e-02
8.672468005553146675e-02
8.672468005553146675e-02
8.997611243623972188e-02
8.845228055677115120e-02
8.913813913553778057e-02
8.987577912474564723e-02
9.043296091114573498e-02
7.849895082565984394e-02
7.897622199919346331e-02
7.953396563733571012e-02
7.986256866841570656e-02
8.009534462475041694e-02
8.025927305314783933e-02
8.031966386855496354e-02
8.033926292133083957e-02
8.075106835800184568e-02
8.152362296682573450e-02
8.232871406475432419e-02
8.292243603085334980e-02
8.349599125947519684e-02
8.390131104565873299e-02
8.423324388474665025e-02
8.437907408763632711e-02
8.441019596237814282e-02
8.440488469006807160e-02
8.167005905736067495e-02
8.167551925370560018e-02
8.169120029656135040e-02
8.165584274417714283e-02
8.158598358956727081e-02
8.141601248313386219e-02
8.136698619175962433e-02
8.125167563495594436e-02
8.116429578650985466e-02
8.110422360706476264e-02
8.106906045073476730e-02
8.106906045073476730e-02
8.110422360706476264e-02
8.116429578650985466e-02
8.125167563495594436e-02
8.136698619175962433e-02
8.141601248313386219e-02
8.158598358956727081e-02
8.165584274417714283e-02
8.169120029656135040e-02
8.167551925370560018e-02
8.167005905736067495e-02
8.440488469006807160e-02
8.441019596237814282e-02
8.437907408763632711e-02
8.423324388474665025e-02
8.390131104565873299e-02
8.349599125947519684e-02
8.292243603085334980e-02
8.232871406475432419e-02
8.152362296682573450e-02
8.075106835800184568e-02
8.033926292133083957e-02
8.031966386855496354e-02
8.025927305314783933e-02
8.009534462475041694e-02
7.986256866841570656e-02
7.953396563733571012e-02
7.897622199919346331e-02
7.849895082565984394e-02
9.043296091114573498e-02
8.987577912474564723e-02
8.913813913553778057e-02
8.845228055677115120e-02
8.997611243623972188e-02
8.873682355275196165e-02
8.934556240247654157e-02
9.008146377948475503e-02
7.844109486780714846e-02
7.879147222078933255e-02
7.921736164150194881e-02
7.959518680290129933e-02
7.988591244710759043e-02
8.015056256375957533e-02
8.023171539506269989e-02
8.027853765678574782e-02
8.019307604902614628e-02
8.003520805935153415e-02
7.982876141177068507e-02
8.026160515703563425e-02
8.101266216425700994e-02
8.173895490124427621e-02
8.239835688129484859e-02
8.294438121563454946e-02
8.350593779946721695e-02
8.376472507920118549e-02
8.408416435270800460e-02
8.423867698385685554e-02
8.426379298995001488e-02
8.424480792469307699e-02
8.416430818216404097e-02
8.396081438451029333e-02
8.388483662071949398e-02
8.360290792469829424e-02
8.335329484975696757e-02
8.310328080386475413e-02
8.268308212221910092e-02
8.271307572142921893e-02
8.268633267339985105e-02
8.268633267339985105e-02
8.271307572142921893e-02
8.268308212221910092e-02
8.310328080386475413e-02
8.335329484975696757e-02
8.360290792469829424e-02
8.388483662071949398e-02
8.396081438451029333e-02
8.416430818216404097e-02
8.424480792469307699e-02
8.426379298995001488e-02
8.423867698385685554e-02
8.408416435270800460e-02
8.376472507920118549e-02
8.350593779946721695e-02
8.294438121563454946e-02
8.239835688129484859e-02
8.173895490124427621e-02
8.101266216425700994e-02
8.026160515703563425e-02
7.982876141177068507e-02
8.003520805935153415e-02
8.019307604902614628e-02
8.027853765678574782e-02
8.023171539506269989e-02
8.015056256375957533e-02
7.988591244710759043e-02
7.959518680290129933e-02
7.921736164150194881e-02
7.879147222078933255e-02
7.844109486780714846e-02
9.008146377948475503e-02
8.934556240247654157e-02
8.873682355275196165e-02
8.947386481978465700e-02
9.020633495485801123e-02
7.854171563515924270e-02
7.882288423517795628e-02
7.917276276669131529e-02
7.959477766454130243e-02
7.984653117520891519e-02
7.996203066335047516e-02
8.001904309208476840e-02
8.002507770471946336e-02
7.988785413317726902e-02
7.980165764178681620e-02
7.958096054857538570e-02
7.935871634891045190e-02
7.914026673445424820e-02
7.987914424232427091e-02
8.064933602755997022e-02
8.130367761693554907e-02
8.203134122513669468e-02
8.260353337653547623e-02
8.309373500166519766e-02
8.347859638769994373e-02
8.382810408477452124e-02
8.404628640196989964e-02
8.420257185946752876e-02
8.431499636286396426e-02
8.435806704685354374e-02
8.430038089915183053e-02
8.427704084456419387e-02
8.414884119900553627e-02
8.402061751660569455e-02
8.400101039201604558e-02
8.392342874677474751e-02
8.383578022707369182e-02
8.383578022707369182e-02
8.392342874677474751e-02
8.400101039201604558e-02
8.402061751660569455e-02
8.414884119900553627e-02
8.427704084456419387e-02
8.430038089915183053e-02
8.435806704685354374e-02
8.431499636286396426e-02
8.420257185946752876e-02
8.404628640196989964e-02
8.382810408477452124e-02
8.347859638769994373e-02
8.309373500166519766e-02
8.260353337653547623e-02
8.203134122513669468e-02
8.130367761693554907e-02
8.064933602755997022e-02
7.987914424232427091e-02
7.914026673445424820e-02
7.935871634891045190e-02
7.958096054857538570e-02
7.980165764178681620e-02
7.988785413317726902e-02
8.002507770471946336e-02
8.001904309208476840e-02
7.996203066335047516e-02
7.984653117520891519e-02
7.959477766454130243e-02
7.917276276669131529e-02
7.882288423517795628e-02
7.854171563515924270e-02
9.020633495485801123e-02
8.947386481978465700e-02
9.014134962821948593e-02
9.067799664215057953e-02
7.878221217004317822e-02
7.906763469051431015e-02
7.941968193649157071e-02
7.965033540256404032e-02
7.978605050715888158e-02
7.984849713022550144e-02
7.976328729308697352e-02
7.962965523720760830e-02
7.950534908647940990e-02
7.923599798917384252e-02
7.901894913449031277e-02
7.873499151355602133e-02
7.841483742288173076e-02
7.882819655692223371e-02
7.955402722642331004e-02
8.030446561255591420e-02
8.098771423479753095e-02
8.164792267967174721e-02
8.214305657236226077e-02
8.272429343007504932e-02
8.320307242694346961e-02
8.356790476709634319e-02
8.392179920940343041e-02
8.412928863963525794e-02
8.429321395543375173e-02
8.448755906035639029e-02
8.451007818103517533e-02
8.463965711409249248e-02
8.459033137040888883e-02
8.459623176736168204e-02
8.466116981734424229e-02
8.459649175474673322e-02
8.459649175474673322e-02
8.466116981734424229e-02
8.459623176736168204e-02
8.459033137040888883e-02
8.463965711409249248e-02
8.451007818103517533e-02
8.448755906035639029e-02
8.429321395543375173e-02
8.412928863963525794e-02
8.392179920940343041e-02
8.356790476709634319e-02
8.320307242694346961e-02
8.272429343007504932e-02
8.214305657236226077e-02
8.164792267967174721e-02
8.098771423479753095e-02
8.030446561255591420e-02
7.955402722642331004e-02
7.882819655692223371e-02
7.841483742288173076e-02
7.873499151355602133e-02
7.901894913449031277e-02
7.923599798917384252e-02
7.950534908647940990e-02
7.962965523720760830e-02
7.976328729308697352e-02
7.984849713022550144e-02
7.978605050715888158e-02
7.965033540256404032e-02
7.941968193649157071e-02
7.906763469051431015e-02
7.878221217004317822e-02
9.067799664215057953e-02
9.014134962821948593e-02
9.059171519645534132e-02
9.109926444768919052e-02
7.898434035931609087e-02
7.919103792981684042e-02
7.936785108087751617e-02
7.948848528092046506e-02
7.948782305405516224e-02
7.949633470550851455e-02
7.934656025226971554e-02
7.921086295945729827e-02
7.885865864399514702e-02
7.860001297336247084e-02
7.842208332472767884e-02
7.807537856926424769e-02
7.772544968870308268e-02
7.796665327524271438e-02
7.859806223448696783e-02
7.930584715219651804e-02
8.004071902090835466e-02
8.065403604929528847e-02
8.134730619081537162e-02
8.188000562147107475e-02
8.246592717974798870e-02
8.296152548528487602e-02
8.333289189894237114e-02
8.373411829975355158e-02
8.408396327748732246e-02
8.438304333604966512e-02
8.459044167862940500e-02
8.479345025973701599e-02
8.486064019474574838e-02
8.492265949605051767e-02
8.502566097910038700e-02
8.506632179459809595e-02
8.506632179459809595e-02
8.502566097910038700e-02
8.492265949605051767e-02
8.486064019474574838e-02
8.479345025973701599e-02
8.459044167862940500e-02
8.438304333604966512e-02
8.408396327748732246e-02
8.373411829975355158e-02
8.333289189894237114e-02
8.296152548528487602e-02
8.246592717974798870e-02
8.188000562147107475e-02
8.134730619081537162e-02
8.065403604929528847e-02
8.004071902090835466e-02
7.930584715219651804e-02
7.859806223448696783e-02
7.796665327524271438e-02
7.772544968870308268e-02
7.807537856926424769e-02
7.842208332472767884e-02
7.860001297336247084e-02
7.885865864399514702e-02
7.921086295945729827e-02
7.934656025226971554e-02
7.949633470550851455e-02
7.948782305405516224e-02
7.948848528092046506e-02
7.936785108087751617e-02
7.919103792981684042e-02
7.898434035931609087e-02
9.109926444768919052e-02
9.059171519645534132e-02
9.101788692829079763e-02
7.882638122864736585e-02
7.906763469051431015e-02
7.921796938079872508e-02
7.928391709732647563e-02
7.927621717062752205e-02
7.913660996717639118e-02
7.905945969168150234e-02
7.884803117534132377e-02
7.864280123108599585e-02
7.836527370066838361e-02
7.800299284093838159e-02
7.775805756570265681e-02
7.738489843194319706e-02
7.709274570522545167e-02
7.723871086755988713e-02
7.783278500976846537e-02
7.845349672101675775e-02
8.906308243736346664e-02
8.929194504702837876e-02
8.949395158410131113e-02
8.982255202243644154e-02
8.993402898687019587e-02
9.010633855369966361e-02
9.027623791927905095e-02
9.032410270670498953e-02
9.036911051187081212e-02
9.041618550422836353e-02
9.046409249537230857e-02
9.049194589565345836e-02
9.041574247537831344e-02
9.046558122209714947e-02
9.042478823588891157e-02
9.040918230601370509e-02
9.040918230601370509e-02
9.042478823588891157e-02
9.046558122209714947e-02
9.041574247537831344e-02
9.049194589565345836e-02
9.046409249537230857e-02
9.041618550422836353e-02
9.036911051187081212e-02
9.032410270670498953e-02
9.027623791927905095e-02
9.010633855369966361e-02
8.993402898687019587e-02
8.982255202243644154e-02
8.949395158410131113e-02
8.929194504702837876e-02
8.906308243736346664e-02
7.845349672101675775e-02
7.783278500976846537e-02
7.723871086755988713e-02
7.709274570522545167e-02
7.738489843194319706e-02
7.775805756570265681e-02
7.800299284093838159e-02
7.836527370066838361e-02
7.864280123108599585e-02
7.884803117534132377e-02
7.905945969168150234e-02
7.913660996717639118e-02
7.927621717062752205e-02
7.928391709732647563e-02
7.921796938079872508e-02
7.906763469051431015e-02
7.882638122864736585e-02
9.101788692829079763e-02
9.127734475229126732e-02
7.898471941103059335e-02
7.907143425451407248e-02
7.913193045756063138e-02
7.907143425451407248e-02
7.892217593131636844e-02
7.877868358826038697e-02
7.855401405910281132e-02
7.827800175489080248e-02
7.806424362174084475e-02
7.777882110126969895e-02
7.750746481737530447e-02
7.715458491816570841e-02
7.684282267741276984e-02
7.645699094652191885e-02
7.651146156752462735e-02
7.706967704721634504e-02
8.845813397301692527e-02
8.878279051701376545e-02
8.897831833510867761e-02
8.928911583698297127e-02
8.948578788035153886e-02
8.977680811544914985e-02
8.997415903780722757e-02
9.014860701722851588e-02
9.032318351787049782e-02
9.040172019700859485e-02
9.046103508737696197e-02
9.061617974639049611e-02
9.068081474196879044e-02
9.065440249275064089e-02
9.072713178655834876e-02
9.070336711726650902e-02
9.069234684507553046e-02
9.069234684507553046e-02
9.070336711726650902e-02
9.072713178655834876e-02
9.065440249275064089e-02
9.068081474196879044e-02
9.061617974639049611e-02
9.046103508737696197e-02
9.040172019700859485e-02
9.032318351787049782e-02
9.014860701722851588e-02
8.997415903780722757e-02
8.977680811544914985e-02
8.948578788035153886e-02
8.928911583698297127e-02
8.897831833510867761e-02
8.878279051701376545e-02
8.845813397301692527e-02
7.706967704721634504e-02
7.651146156752462735e-02
7.645699094652191885e-02
7.684282267741276984e-02
7.715458491816570841e-02
7.750746481737530447e-02
7.777882110126969895e-02
7.806424362174084475e-02
7.827800175489080248e-02
7.855401405910281132e-02
7.877868358826038697e-02
7.892217593131636844e-02
7.907143425451407248e-02
7.913193045756063138e-02
7.907143425451407248e-02
7.898471941103059335e-02
9.127734475229126732e-02
9.145648721581463303e-02
7.907091151741652002e-02
7.907176345862582112e-02
7.901246868566093318e-02
7.894738642307234933e-02
7.866522029642848690e-02
7.851394733798251757e-02
7.822852481751137177e-02
7.785893026846196774e-02
7.757977860641532275e-02
7.726991867540745906e-02
7.691230486955133450e-02
7.663224295515005946e-02
7.621933274028235006e-02
7.588460309855284136e-02
7.593325635390640871e-02
8.798221274367025446e-02
8.826855246095452467e-02
8.856572430556036712e-02
8.885233444756251986e-02
8.915163499738990027e-02
8.934423122642702608e-02
8.963168213522684780e-02
8.982452669745231988e-02
9.011220031612184045e-02
9.029109678603472466e-02
9.037533315738660589e-02
9.055462977745779019e-02
9.063985054640914807e-02
9.072564072567339266e-02
9.080444513152000074e-02
9.089335859501267156e-02
9.088479307372972216e-02
9.097775550865475069e-02
9.097775550865475069e-02
9.088479307372972216e-02
9.089335859501267156e-02
9.080444513152000074e-02
9.072564072567339266e-02
9.063985054640914807e-02
9.055462977745779019e-02
9.037533315738660589e-02
9.029109678603472466e-02
9.011220031612184045e-02
8.982452669745231988e-02
8.963168213522684780e-02
8.934423122642702608e-02
8.915163499738990027e-02
8.885233444756251986e-02
8.856572430556036712e-02
8.826855246095452467e-02
8.798221274367025446e-02
7.593325635390640871e-02
7.588460309855284136e-02
7.621933274028235006e-02
7.663224295515005946e-02
7.691230486955133450e-02
7.726991867540745906e-02
7.757977860641532275e-02
7.785893026846196774e-02
7.822852481751137177e-02
7.851394733798251757e-02
7.866522029642848690e-02
7.894738642307234933e-02
7.901246868566093318e-02
7.907176345862582112e-02
7.907091151741652002e-02
9.145648721581463303e-02
9.154829307584155806e-02
7.916277553067135875e-02
7.907195037579989316e-02
7.897723905885406515e-02
7.878720578805314956e-02
7.850178326758201763e-02
7.823225477321957277e-02
7.794683225274842697e-02
7.766260661746071658e-02
7.737852431298614109e-02
7.700314841182469283e-02
7.662749571721334807e-02
7.625379000802130769e-02
7.578823733233593096e-02
7.541475458149533850e-02
7.537258115731666763e-02
8.793700234298104657e-02
8.822250780248433455e-02
8.841652878777986335e-02
8.870211065540724305e-02
8.898774049725932667e-02
8.927337993992558174e-02
8.955902963224533775e-02
8.984469028080530051e-02
9.003527326719790169e-02
9.022581999342972614e-02
9.041192073767675974e-02
9.060236757117473561e-02
9.069764692589572797e-02
9.078949681855709442e-02
9.088468774516665627e-02
9.097774211725369320e-02
9.107288737087031183e-02
9.107217011032980869e-02
9.107217011032980869e-02
9.107288737087031183e-02
9.097774211725369320e-02
9.088468774516665627e-02
9.078949681855709442e-02
9.069764692589572797e-02
9.060236757117473561e-02
9.041192073767675974e-02
9.022581999342972614e-02
9.003527326719790169e-02
8.984469028080530051e-02
8.955902963224533775e-02
8.927337993992558174e-02
8.898774049725932667e-02
8.870211065540724305e-02
8.841652878777986335e-02
8.822250780248433455e-02
8.793700234298104657e-02
7.537258115731666763e-02
7.541475458149533850e-02
7.578823733233593096e-02
7.625379000802130769e-02
7.662749571721334807e-02
7.700314841182469283e-02
7.737852431298614109e-02
7.766260661746071658e-02
7.794683225274842697e-02
7.823225477321957277e-02
7.850178326758201763e-02
7.878720578805314956e-02
7.897723905885406515e-02
7.907195037579989316e-02
7.916277553067135875e-02
9.154829307584155806e-02
7.033000976023559558e-02
9.353233992462611779e-02
1.101128940953628732e-01
1.186991697861308204e-01
1.263626323837901688e-01
1.207783632859142781e-01
1.282558472678015649e-01
1.221173348390832830e-01
1.236532422282795030e-01
1.143595560325240124e-01
1.169011020623316882e-01
1.092449682476232670e-01
9.477070573373136408e-02
8.867588638974310822e-02
8.347899500626232427e-02
8.620483507485673935e-02
9.025706785353199146e-02
8.940313999252771926e-02
9.265759731568183610e-02
9.551394755658332292e-02
9.790254552001975696e-02
1.001040251589832286e-01
1.019074329276891122e-01
1.034533349962583615e-01
1.047884788066049677e-01
1.045670451231395792e-01
1.054227072119523628e-01
1.060882268416971225e-01
1.064684598008151101e-01
1.066585440409461710e-01
1.066585440409461710e-01
1.064684598008151101e-01
1.060882268416971225e-01
1.054227072119523628e-01
1.045670451231395792e-01
1.047884788066049677e-01
1.034533349962583615e-01
1.019074329276891122e-01
1.001040251589832286e-01
9.790254552001975696e-02
9.551394755658332292e-02
9.265759731568183610e-02
8.940313999252771926e-02
9.025706785353199146e-02
8.620483507485673935e-02
8.347899500626232427e-02
8.867588638974310822e-02
9.477070573373136408e-02
1.092449682476232670e-01
1.169011020623316882e-01
1.143595560325240124e-01
1.236532422282795030e-01
1.221173348390832830e-01
1.282558472678015649e-01
1.207783632859142781e-01
1.263626323837901688e-01
1.186991697861308204e-01
1.101128940953628732e-01
9.353233992462611779e-02
7.033000976023559558e-02
8.647221334808094517e-02
9.341516813176359291e-02
9.340929843166932700e-02
9.386019592128641564e-02
9.335433533982306908e-02
8.136989136734772143e-02
5.193482492730194799e-02
5.799771883363456781e-02
6.050811289264707710e-02
6.779120655606610257e-02
9.055260482841642755e-02
1.025227131874665298e-01
1.118621692012059798e-01
1.095940553222516656e-01
1.166652540330495175e-01
1.042240534793550250e-01
1.007713050019405782e-01
9.740247347285942159e-02
9.432664232278767380e-02
9.148139802872007342e-02
8.742834018544295982e-02
7.834879800872132649e-02
7.791641469209900639e-02
7.981421198121040061e-02
8.150309909959806143e-02
8.302816691873687871e-02
8.434423403889877713e-02
8.544737154842946270e-02
8.648265252046601070e-02
8.583749006596841369e-02
8.649774684410260761e-02
8.687286930852637645e-02
8.715580711272584435e-02
8.734496274344291655e-02
8.734496274344291655e-02
8.715580711272584435e-02
8.687286930852637645e-02
8.649774684410260761e-02
8.583749006596841369e-02
8.648265252046601070e-02
8.544737154842946270e-02
8.434423403889877713e-02
8.302816691873687871e-02
8.150309909959806143e-02
7.981421198121040061e-02
7.791641469209900639e-02
7.834879800872132649e-02
8.742834018544295982e-02
9.148139802872007342e-02
9.432664232278767380e-02
9.740247347285942159e-02
1.007713050019405782e-01
1.042240534793550250e-01
1.166652540330495175e-01
1.095940553222516656e-01
1.118621692012059798e-01
1.025227131874665298e-01
9.055260482841642755e-02
6.779120655606610257e-02
6.050811289264707710e-02
5.799771883363456781e-02
5.193482492730194799e-02
8.136989136734772143e-02
9.335433533982306908e-02
9.386019592128641564e-02
9.340929843166932700e-02
9.341516813176359291e-02
8.647221334808094517e-02
8.098476353554054374e-02
8.527103041454593690e-02
8.142084326683697582e-02
7.730507454586382776e-02
7.220361653530589507e-02
6.393297132350228562e-02
5.670929038089345120e-02
6.804186561980354875e-02
5.767877528254500979e-02
6.585709129401069728e-02
7.916379021204900113e-02
8.854490738164293162e-02
1.011564254727764928e-01
1.033870423608030109e-01
1.008135774156378589e-01
1.008384791281118631e-01
1.002379996380944327e-01
9.931347424702391402e-02
9.821530309206273623e-02
9.695492354045093242e-02
9.567732099333939311e-02
8.720538609504098482e-02
8.608834433896722649e-02
8.502101896714772677e-02
8.404666646188166390e-02
8.317018300557918464e-02
8.233163367031459678e-02
8.159017751313391020e-02
8.093780641478615090e-02
7.729515652977210494e-02
7.699653509958510889e-02
7.670096636149699443e-02
7.650236498819400210e-02
7.640408408232494952e-02
7.640408408232494952e-02
7.650236498819400210e-02
7.670096636149699443e-02
7.699653509958510889e-02
7.729515652977210494e-02
8.093780641478615090e-02
8.159017751313391020e-02
8.233163367031459678e-02
8.317018300557918464e-02
8.404666646188166390e-02
8.502101896714772677e-02
8.608834433896722649e-02
8.720538609504098482e-02
9.567732099333939311e-02
9.695492354045093242e-02
9.821530309206273623e-02
9.931347424702391402e-02
1.002379996380944327e-01
1.008384791281118631e-01
1.008135774156378589e-01
1.033870423608030109e-01
1.011564254727764928e-01
8.854490738164293162e-02
7.916379021204900113e-02
6.585709129401069728e-02
5.767877528254500979e-02
6.804186561980354875e-02
5.670929038089345120e-02
6.393297132350228562e-02
7.220361653530589507e-02
7.730507454586382776e-02
8.142084326683697582e-02
8.527103041454593690e-02
8.098476353554054374e-02
7.906649085886705008e-02
7.674649707951372579e-02
7.204466948025955997e-02
7.164696581698926092e-02
6.656823398322696261e-02
7.575712469481725442e-02
7.515815303698543393e-02
6.862002179118559253e-02
7.339683370284960651e-02
8.715671710570166431e-02
7.698689473695689844e-02
8.049132815599856217e-02
8.140985129847097546e-02
8.194656222407413482e-02
8.512195787410473113e-02
9.699491718997767242e-02
9.850722475929805932e-02
9.742895763903713924e-02
9.800805080246710599e-02
9.820280856816243631e-02
9.100654930712376300e-02
9.097062924043748666e-02
9.089851875166220230e-02
9.073730996151338490e-02
9.049544490862682089e-02
9.016778714462711508e-02
8.993642723489594926e-02
8.965939840863147714e-02
8.938206766756134902e-02
8.634199458406272010e-02
8.622926836707864306e-02
8.612105918647225411e-02
8.601734440312222563e-02
8.601327753313287028e-02
8.601327753313287028e-02
8.601734440312222563e-02
8.612105918647225411e-02
8.622926836707864306e-02
8.634199458406272010e-02
8.938206766756134902e-02
8.965939840863147714e-02
8.993642723489594926e-02
9.016778714462711508e-02
9.049544490862682089e-02
9.073730996151338490e-02
9.089851875166220230e-02
9.097062924043748666e-02
9.100654930712376300e-02
9.820280856816243631e-02
9.800805080246710599e-02
9.742895763903713924e-02
9.850722475929805932e-02
9.699491718997767242e-02
8.512195787410473113e-02
8.194656222407413482e-02
8.140985129847097546e-02
8.049132815599856217e-02
7.698689473695689844e-02
8.715671710570166431e-02
7.339683370284960651e-02
6.862002179118559253e-02
7.515815303698543393e-02
7.575712469481725442e-02
6.656823398322696261e-02
7.164696581698926092e-02
7.204466948025955997e-02
7.674649707951372579e-02
7.906649085886705008e-02
7.216429582492037142e-02
7.296589995629457204e-02
7.876389923769859525e-02
8.377175422261687321e-02
8.843817776056074609e-02
9.517863348170602089e-02
7.917086755569692491e-02
8.092049527743735982e-02
8.830174398143904313e-02
8.636604247564121095e-02
9.707642539496344480e-02
9.238719574568253490e-02
8.437959413547775622e-02
7.946521102607721765e-02
8.117435979090846521e-02
8.070496213885176850e-02
9.326752985368801097e-02
9.548401215869664616e-02
9.731259443437535739e-02
9.858597477526619135e-02
9.154071411134342973e-02
9.170478234610086876e-02
9.240182585726552933e-02
9.305874598885055526e-02
9.350055539568200014e-02
9.376199837714258023e-02
9.394476931693498956e-02
9.412880785592189770e-02
9.413408181559118626e-02
9.156926402025267198e-02
9.174632832684886941e-02
9.182893612339060319e-02
9.191587421795593960e-02
9.191199310937328559e-02
9.191199310937328559e-02
9.191587421795593960e-02
9.182893612339060319e-02
9.174632832684886941e-02
9.156926402025267198e-02
9.413408181559118626e-02
9.412880785592189770e-02
9.394476931693498956e-02
9.376199837714258023e-02
9.350055539568200014e-02
9.305874598885055526e-02
9.240182585726552933e-02
9.170478234610086876e-02
9.154071411134342973e-02
9.858597477526619135e-02
9.731259443437535739e-02
9.548401215869664616e-02
9.326752985368801097e-02
8.070496213885176850e-02
8.117435979090846521e-02
7.946521102607721765e-02
8.437959413547775622e-02
9.238719574568253490e-02
9.707642539496344480e-02
8.636604247564121095e-02
8.830174398143904313e-02
8.092049527743735982e-02
7.917086755569692491e-02
9.517863348170602089e-02
8.843817776056074609e-02
8.377175422261687321e-02
7.876389923769859525e-02
7.296589995629457204e-02
7.216429582492037142e-02
8.267888514511799458e-02
8.228864523059335745e-02
8.628026900738991478e-02
9.316640459814426456e-02
9.586270265649998734e-02
9.797860140277969698e-02
8.828714639439205758e-02
8.759638208395789660e-02
9.542887552076313729e-02
9.493544028533798529e-02
9.291229798541913998e-02
9.747238345327492726e-02
9.335804168100468592e-02
8.894451225641820946e-02
8.161540071280724840e-02
7.825587002989588259e-02
9.039115869166779171e-02
9.079078762882067388e-02
8.511182904617446698e-02
8.746171507646935406e-02
8.936208300846144870e-02
9.100299556651192390e-02
9.233676263586838850e-02
9.345352370593179581e-02
9.439735266899808297e-02
9.462317256417114575e-02
9.521161274251811746e-02
9.571275281350091757e-02
9.347914932752458828e-02
9.394033964257089697e-02
9.421167675067666780e-02
9.448891852777931144e-02
9.467377615873086294e-02
9.467107066954016936e-02
9.467107066954016936e-02
9.467377615873086294e-02
9.448891852777931144e-02
9.421167675067666780e-02
9.394033964257089697e-02
9.347914932752458828e-02
9.571275281350091757e-02
9.521161274251811746e-02
9.462317256417114575e-02
9.439735266899808297e-02
9.345352370593179581e-02
9.233676263586838850e-02
9.100299556651192390e-02
8.936208300846144870e-02
8.746171507646935406e-02
8.511182904617446698e-02
9.079078762882067388e-02
9.039115869166779171e-02
7.825587002989588259e-02
8.161540071280724840e-02
8.894451225641820946e-02
9.335804168100468592e-02
9.747238345327492726e-02
9.291229798541913998e-02
9.493544028533798529e-02
9.542887552076313729e-02
8.759638208395789660e-02
8.828714639439205758e-02
9.797860140277969698e-02
9.586270265649998734e-02
9.316640459814426456e-02
8.628026900738991478e-02
8.228864523059335745e-02
8.267888514511799458e-02
8.458242053359733836e-02
9.288789444041242738e-02
9.470416990666177814e-02
9.614654655518906079e-02
1.062306361077776096e-01
9.941735954763050720e-02
9.901840709190289080e-02
9.059190537567728130e-02
1.006909956760357050e-01
1.007883749423107850e-01
9.411016426554490166e-02
9.194976110453330354e-02
9.832312513222360439e-02
9.316169474190449939e-02
8.949865879025045712e-02
8.481575513964099977e-02
8.130965834809997239e-02
7.928606935871423955e-02
8.223002455683718626e-02
8.383553206055482931e-02
8.620892903880077174e-02
8.822749207704291829e-02
8.997946496595665700e-02
9.150609722851099637e-02
9.281837909452315960e-02
9.390762025853655048e-02
9.482420620072574968e-02
9.564893108062903770e-02
9.336532174642853121e-02
9.402492655797443921e-02
9.449284980817905522e-02
9.477129706891931904e-02
9.505340951887351897e-02
9.514677460338262505e-02
9.514677460338262505e-02
9.505340951887351897e-02
9.477129706891931904e-02
9.449284980817905522e-02
9.402492655797443921e-02
9.336532174642853121e-02
9.564893108062903770e-02
9.482420620072574968e-02
9.390762025853655048e-02
9.281837909452315960e-02
9.150609722851099637e-02
8.997946496595665700e-02
8.822749207704291829e-02
8.620892903880077174e-02
8.383553206055482931e-02
8.223002455683718626e-02
7.928606935871423955e-02
8.130965834809997239e-02
8.481575513964099977e-02
8.949865879025045712e-02
9.316169474190449939e-02
9.832312513222360439e-02
9.194976110453330354e-02
9.411016426554490166e-02
1.007883749423107850e-01
1.006909956760357050e-01
9.059190537567728130e-02
9.901840709190289080e-02
9.941735954763050720e-02
1.062306361077776096e-01
9.614654655518906079e-02
9.470416990666177814e-02
9.288789444041242738e-02
8.458242053359733836e-02
9.462320837068098622e-02
9.608378447569401737e-02
1.046281476458466586e-01
1.092038279256371675e-01
9.732028654773590415e-02
9.668179742717662728e-02
9.557705885086453801e-02
9.425249205349381376e-02
9.401625771618569993e-02
1.059009842159490677e-01
1.059582812713146943e-01
1.010767943165204741e-01
9.942117002635453282e-02
9.698905587633221970e-02
9.189532455794090227e-02
8.890283367513684976e-02
8.588423726221262877e-02
8.157583820016776899e-02
7.873523738661160343e-02
8.111209069238027591e-02
8.348696304899272391e-02
8.571690810327294019e-02
8.691656417996715400e-02
8.863293693722902600e-02
9.012406636646158598e-02
9.139522563420238166e-02
9.257711503933542529e-02
9.087576539596291247e-02
9.172992971649736316e-02
9.239249209252214934e-02
9.296195146046162816e-02
9.334042274651047078e-02
9.362511541328343012e-02
9.371942755045903350e-02
9.371942755045903350e-02
9.362511541328343012e-02
9.334042274651047078e-02
9.296195146046162816e-02
9.239249209252214934e-02
9.172992971649736316e-02
9.087576539596291247e-02
9.257711503933542529e-02
9.139522563420238166e-02
9.012406636646158598e-02
8.863293693722902600e-02
8.691656417996715400e-02
8.571690810327294019e-02
8.348696304899272391e-02
8.111209069238027591e-02
7.873523738661160343e-02
8.157583820016776899e-02
8.588423726221262877e-02
8.890283367513684976e-02
9.189532455794090227e-02
9.698905587633221970e-02
9.942117002635453282e-02
1.010767943165204741e-01
1.059582812713146943e-01
1.059009842159490677e-01
9.401625771618569993e-02
9.425249205349381376e-02
9.557705885086453801e-02
9.668179742717662728e-02
9.732028654773590415e-02
1.092038279256371675e-01
1.046281476458466586e-01
9.608378447569401737e-02
9.462320837068098622e-02
9.709686687624849433e-02
1.044966279907341977e-01
1.089345264436146488e-01
9.575863812869911396e-02
9.455610075996559449e-02
9.305237707693947424e-02
9.133929251802355709e-02
8.991625996692848011e-02
9.044756240825121973e-02
9.148530425354373108e-02
1.042284341898656180e-01
1.040435420818901086e-01
9.886874128622351321e-02
9.756967090900170447e-02
9.564985456031541156e-02
9.076828097974032339e-02
8.837781820171276836e-02
8.588451145919585861e-02
8.347725795239516189e-02
7.945663352830527326e-02
8.015187336908435878e-02
8.218444701566979260e-02
8.411545092405614543e-02
8.582129800520210683e-02
8.734373716851984160e-02
8.824659623282102294e-02
8.696476877053628540e-02
8.801098350540817461e-02
8.896228206684707318e-02
8.962837602043309537e-02
9.029436114484240550e-02
9.067492407751780170e-02
9.096023971014503828e-02
9.115052139045912161e-02
9.115052139045912161e-02
9.096023971014503828e-02
9.067492407751780170e-02
9.029436114484240550e-02
8.962837602043309537e-02
8.896228206684707318e-02
8.801098350540817461e-02
8.696476877053628540e-02
8.824659623282102294e-02
8.734373716851984160e-02
8.582129800520210683e-02
8.411545092405614543e-02
8.218444701566979260e-02
8.015187336908435878e-02
7.945663352830527326e-02
8.347725795239516189e-02
8.588451145919585861e-02
8.837781820171276836e-02
9.076828097974032339e-02
9.564985456031541156e-02
9.756967090900170447e-02
9.886874128622351321e-02
1.040435420818901086e-01
1.042284341898656180e-01
9.148530425354373108e-02
9.044756240825121973e-02
8.991625996692848011e-02
9.133929251802355709e-02
9.305237707693947424e-02
9.455610075996559449e-02
9.575863812869911396e-02
1.089345264436146488e-01
1.044966279907341977e-01
9.709686687624849433e-02
1.045118204711956988e-01
1.089628895397137254e-01
9.488463186348261580e-02
9.313965260587898920e-02
9.118052777846616386e-02
8.922909613559644459e-02
9.695414088085997639e-02
8.564492730833705991e-02
8.712447767593106684e-02
8.860823773928409863e-02
8.960424770159738928e-02
1.024472374033586625e-01
1.022474795850802365e-01
9.698762039912323107e-02
9.602719999110799487e-02
9.454797796087187345e-02
9.290344296316468964e-02
8.808056616416112816e-02
8.606661762730709320e-02
8.415953900808190169e-02
8.225249516507818215e-02
7.899404320001215951e-02
8.079787827954074131e-02
8.237792922512381100e-02
8.382302275714861861e-02
8.263169715622531442e-02
8.375479420462335345e-02
8.479392362088621071e-02
8.564167387968737999e-02
8.630353967240934898e-02
8.687276660559917207e-02
8.734588345163851741e-02
8.763075146544435645e-02
8.772556132240781623e-02
8.772556132240781623e-02
8.763075146544435645e-02
8.734588345163851741e-02
8.687276660559917207e-02
8.630353967240934898e-02
8.564167387968737999e-02
8.479392362088621071e-02
8.375479420462335345e-02
8.263169715622531442e-02
8.382302275714861861e-02
8.237792922512381100e-02
8.079787827954074131e-02
7.899404320001215951e-02
8.225249516507818215e-02
8.415953900808190169e-02
8.606661762730709320e-02
8.808056616416112816e-02
9.290344296316468964e-02
9.454797796087187345e-02
9.602719999110799487e-02
9.698762039912323107e-02
1.022474795850802365e-01
1.024472374033586625e-01
8.960424770159738928e-02
8.860823773928409863e-02
8.712447767593106684e-02
8.564492730833705991e-02
9.695414088085997639e-02
8.922909613559644459e-02
9.118052777846616386e-02
9.313965260587898920e-02
9.488463186348261580e-02
1.089628895397137254e-01
1.045118204711956988e-01
9.680778364018956250e-02
9.467267392394008996e-02
9.234671623695733800e-02
9.002629685822761962e-02
8.774035231723062433e-02
9.528717679648410210e-02
9.485257057559380589e-02
9.481323343713328466e-02
9.496054772543863209e-02
8.583193172210086541e-02
8.706023247865246617e-02
8.788758163981812144e-02
8.831242472737720062e-02
8.832468041313211449e-02
8.407632139952651851e-02
9.474108392986752003e-02
9.372406962924718921e-02
9.240032682084306503e-02
8.785953519748568308e-02
8.647379403613632276e-02
8.487732153716229244e-02
8.345022282615439935e-02
7.659258171222114997e-02
7.770191829440532827e-02
7.857588120074447680e-02
7.957207035534670514e-02
8.058448720601840698e-02
8.141264665531350309e-02
8.215120733319787594e-02
8.280370447920906707e-02
8.326886256575677381e-02
8.364173018769328893e-02
8.392220290403722138e-02
8.401510726211437741e-02
8.401510726211437741e-02
8.392220290403722138e-02
8.364173018769328893e-02
8.326886256575677381e-02
8.280370447920906707e-02
8.215120733319787594e-02
8.141264665531350309e-02
8.058448720601840698e-02
7.957207035534670514e-02
7.857588120074447680e-02
7.770191829440532827e-02
7.659258171222114997e-02
8.345022282615439935e-02
8.487732153716229244e-02
8.647379403613632276e-02
8.785953519748568308e-02
9.240032682084306503e-02
9.372406962924718921e-02
9.474108392986752003e-02
8.407632139952651851e-02
8.832468041313211449e-02
8.831242472737720062e-02
8.788758163981812144e-02
8.706023247865246617e-02
8.583193172210086541e-02
9.496054772543863209e-02
9.481323343713328466e-02
9.485257057559380589e-02
9.528717679648410210e-02
8.774035231723062433e-02
9.002629685822761962e-02
9.234671623695733800e-02
9.467267392394008996e-02
9.680778364018956250e-02
9.492273242147493406e-02
9.209246306781498914e-02
8.930810748196646442e-02
8.673634055819912092e-02
9.690397746583750971e-02
9.480633482102047982e-02
9.317663121334107679e-02
9.327475912777991041e-02
9.315388276387878697e-02
8.353123520312710770e-02
8.478551283435881158e-02
8.569347710305272314e-02
8.648862022276387895e-02
8.688316280110906786e-02
8.700799692956874554e-02
8.263380415150629876e-02
8.228682076783011556e-02
8.173849760674274656e-02
8.097060810100548123e-02
8.012841158153612142e-02
7.835553405622212864e-02
7.733883602126943868e-02
7.645290998110196301e-02
7.548170881426134737e-02
7.619393793887624389e-02
7.694541554103014047e-02
7.761707516464738665e-02
7.820788800980613131e-02
7.877155461479434795e-02
7.922011135534426374e-02
7.966939374079297365e-02
7.993963199108695961e-02
8.021496367232180957e-02
8.030509219594486603e-02
8.030509219594486603e-02
8.021496367232180957e-02
7.993963199108695961e-02
7.966939374079297365e-02
7.922011135534426374e-02
7.877155461479434795e-02
7.820788800980613131e-02
7.761707516464738665e-02
7.694541554103014047e-02
7.619393793887624389e-02
7.548170881426134737e-02
7.645290998110196301e-02
7.733883602126943868e-02
7.835553405622212864e-02
8.012841158153612142e-02
8.097060810100548123e-02
8.173849760674274656e-02
8.228682076783011556e-02
8.263380415150629876e-02
8.700799692956874554e-02
8.688316280110906786e-02
8.648862022276387895e-02
8.569347710305272314e-02
8.478551283435881158e-02
8.353123520312710770e-02
9.315388276387878697e-02
9.327475912777991041e-02
9.317663121334107679e-02
9.480633482102047982e-02
9.690397746583750971e-02
8.673634055819912092e-02
8.930810748196646442e-02
9.209246306781498914e-02
9.492273242147493406e-02
9.245484589282204624e-02
8.917453335925326630e-02
8.629248094737715369e-02
9.611754620415058348e-02
9.393725085942047914e-02
9.219900898977725912e-02
9.136874720631014968e-02
9.170963424377819029e-02
9.275329654426586745e-02
8.150470994215168463e-02
8.268052552869334382e-02
8.368143291118473881e-02
8.466896290342745823e-02
8.535221393173164639e-02
8.568119718754681202e-02
8.598206114618407725e-02
8.163002052727914848e-02
8.154730656937964062e-02
8.132605862644229355e-02
8.089238693311991135e-02
8.031869326185021862e-02
7.967916800882306194e-02
7.896373277333311458e-02
7.751278617252435610e-02
7.691806534323186728e-02
7.621651295866098408e-02
7.562559091932957722e-02
7.536247901314288566e-02
7.564848519592473619e-02
7.605963505403984248e-02
7.629357318044290015e-02
7.654048802128787798e-02
7.660972020695973328e-02
7.669132873444522991e-02
7.669132873444522991e-02
7.660972020695973328e-02
7.654048802128787798e-02
7.629357318044290015e-02
7.605963505403984248e-02
7.564848519592473619e-02
7.536247901314288566e-02
7.562559091932957722e-02
7.621651295866098408e-02
7.691806534323186728e-02
7.751278617252435610e-02
7.896373277333311458e-02
7.967916800882306194e-02
8.031869326185021862e-02
8.089238693311991135e-02
8.132605862644229355e-02
8.154730656937964062e-02
8.163002052727914848e-02
8.598206114618407725e-02
8.568119718754681202e-02
8.535221393173164639e-02
8.466896290342745823e-02
8.368143291118473881e-02
8.268052552869334382e-02
8.150470994215168463e-02
9.275329654426586745e-02
9.170963424377819029e-02
9.136874720631014968e-02
9.219900898977725912e-02
9.393725085942047914e-02
9.611754620415058348e-02
8.629248094737715369e-02
8.917453335925326630e-02
9.245484589282204624e-02
8.963605353070053239e-02
8.629902297350337814e-02
9.072110517701935384e-02
9.334840800892435508e-02
9.158696600212030969e-02
9.026630253795742131e-02
8.995076438243226891e-02
9.041654272478967524e-02
9.128484241330774018e-02
7.979554287726182971e-02
8.088490314970243900e-02
8.189592502909594229e-02
8.289529299434506004e-02
8.372825868488656398e-02
8.436029107274889416e-02
8.487122594009410825e-02
8.516592497857811139e-02
8.514204255083526740e-02
8.112251865651153027e-02
8.109980314946857449e-02
8.090466723934566784e-02
8.066486252293715575e-02
8.029992203961965058e-02
7.986900826456405644e-02
7.935876647020650987e-02
7.882925088672841640e-02
7.798890263213764662e-02
7.759285307360841433e-02
7.721152836872428871e-02
7.694127348582777137e-02
7.659225287134248383e-02
7.645639368968873417e-02
7.632753512036327681e-02
7.621552413797687275e-02
7.621552413797687275e-02
7.632753512036327681e-02
7.645639368968873417e-02
7.659225287134248383e-02
7.694127348582777137e-02
7.721152836872428871e-02
7.759285307360841433e-02
7.798890263213764662e-02
7.882925088672841640e-02
7.935876647020650987e-02
7.986900826456405644e-02
8.029992203961965058e-02
8.066486252293715575e-02
8.090466723934566784e-02
8.109980314946857449e-02
8.112251865651153027e-02
8.514204255083526740e-02
8.516592497857811139e-02
8.487122594009410825e-02
8.436029107274889416e-02
8.372825868488656398e-02
8.289529299434506004e-02
8.189592502909594229e-02
8.088490314970243900e-02
7.979554287726182971e-02
9.128484241330774018e-02
9.041654272478967524e-02
8.995076438243226891e-02
9.026630253795742131e-02
9.158696600212030969e-02
9.334840800892435508e-02
9.072110517701935384e-02
8.629902297350337814e-02
8.963605353070053239e-02
9.015817467847049571e-02
8.827076360992708315e-02
9.111497982349690827e-02
8.974988646379881974e-02
8.996558012250426006e-02
9.041014499571770058e-02
9.101612096117803197e-02
7.914343710702329004e-02
7.956870489546999381e-02
7.993245723497420518e-02
8.030193915582750641e-02
8.126507401777724460e-02
8.217619832194149321e-02
8.291662015444332956e-02
8.354967275691027595e-02
8.406268736506432304e-02
8.445575608277416935e-02
8.467845649238514572e-02
8.467777219338108730e-02
8.107981998310657967e-02
8.116928831580834391e-02
8.113175925944360323e-02
8.101964353420904041e-02
8.078785875113786430e-02
8.057513626172806143e-02
8.028978628596158962e-02
7.999371440327462945e-02
7.972351897182511360e-02
7.948012614498108086e-02
7.926434812708564592e-02
7.907686531840547872e-02
7.891058364952931170e-02
7.888104900105215311e-02
7.888104900105215311e-02
7.891058364952931170e-02
7.907686531840547872e-02
7.926434812708564592e-02
7.948012614498108086e-02
7.972351897182511360e-02
7.999371440327462945e-02
8.028978628596158962e-02
8.057513626172806143e-02
8.078785875113786430e-02
8.101964353420904041e-02
8.113175925944360323e-02
8.116928831580834391e-02
8.107981998310657967e-02
8.467777219338108730e-02
8.467845649238514572e-02
8.445575608277416935e-02
8.406268736506432304e-02
8.354967275691027595e-02
8.291662015444332956e-02
8.217619832194149321e-02
8.126507401777724460e-02
8.030193915582750641e-02
7.993245723497420518e-02
7.956870489546999381e-02
7.914343710702329004e-02
9.101612096117803197e-02
9.041014499571770058e-02
8.996558012250426006e-02
8.974988646379881974e-02
9.111497982349690827e-02
8.827076360992708315e-02
9.015817467847049571e-02
8.678966476409256947e-02
8.678966476409256947e-02
8.995740450937636523e-02
8.851224852520483966e-02
8.923193935870464555e-02
8.987577912474564723e-02
9.052799741272404832e-02
7.849895082565984394e-02
7.906763469051431015e-02
7.953396563733571012e-02
7.986256866841570656e-02
8.009534462475041694e-02
8.025927305314783933e-02
8.031966386855496354e-02
8.033926292133083957e-02
8.075106835800184568e-02
8.152362296682573450e-02
8.232871406475432419e-02
8.292243603085334980e-02
8.349599125947519684e-02
8.390131104565873299e-02
8.417868359172134274e-02
8.437907408763632711e-02
8.441019596237814282e-02
8.440488469006807160e-02
8.167005905736067495e-02
8.167551925370560018e-02
8.169478918953929081e-02
8.165584274417714283e-02
8.158598358956727081e-02
8.141601248313386219e-02
8.136698619175962433e-02
8.125167563495594436e-02
8.116429578650985466e-02
8.110422360706476264e-02
8.106906045073476730e-02
8.106906045073476730e-02
8.110422360706476264e-02
8.116429578650985466e-02
8.125167563495594436e-02
8.136698619175962433e-02
8.141601248313386219e-02
8.158598358956727081e-02
8.165584274417714283e-02
8.169478918953929081e-02
8.167551925370560018e-02
8.167005905736067495e-02
8.440488469006807160e-02
8.441019596237814282e-02
8.437907408763632711e-02
8.417868359172134274e-02
8.390131104565873299e-02
8.349599125947519684e-02
8.292243603085334980e-02
8.232871406475432419e-02
8.152362296682573450e-02
8.075106835800184568e-02
8.033926292133083957e-02
8.031966386855496354e-02
8.025927305314783933e-02
8.009534462475041694e-02
7.986256866841570656e-02
7.953396563733571012e-02
7.906763469051431015e-02
7.849895082565984394e-02
9.052799741272404832e-02
8.987577912474564723e-02
8.923193935870464555e-02
8.851224852520483966e-02
8.995740450937636523e-02
8.873935440622754411e-02
8.943932161506744360e-02
9.008146377948475503e-02
7.844109486780714846e-02
7.879147222078933255e-02
7.921736164150194881e-02
7.959518680290129933e-02
7.988591244710759043e-02
8.015056256375957533e-02
8.023171539506269989e-02
8.027853765678574782e-02
8.019307604902614628e-02
8.003520805935153415e-02
7.982876141177068507e-02
8.026160515703563425e-02
8.101266216425700994e-02
8.173895490124427621e-02
8.239835688129484859e-02
8.294438121563454946e-02
8.350593779946721695e-02
8.376472507920118549e-02
8.408416435270800460e-02
8.423867698385685554e-02
8.426379298995001488e-02
8.424480792469307699e-02
8.416430818216404097e-02
8.396081438451029333e-02
8.388483662071949398e-02
8.360290792469829424e-02
8.335329484975696757e-02
8.310328080386475413e-02
8.268308212221910092e-02
8.271307572142921893e-02
8.268633267339985105e-02
8.268633267339985105e-02
8.271307572142921893e-02
8.268308212221910092e-02
8.310328080386475413e-02
8.335329484975696757e-02
8.360290792469829424e-02
8.388483662071949398e-02
8.396081438451029333e-02
8.416430818216404097e-02
8.424480792469307699e-02
8.426379298995001488e-02
8.423867698385685554e-02
8.408416435270800460e-02
8.376472507920118549e-02
8.350593779946721695e-02
8.294438121563454946e-02
8.239835688129484859e-02
8.173895490124427621e-02
8.101266216425700994e-02
8.026160515703563425e-02
7.982876141177068507e-02
8.003520805935153415e-02
8.019307604902614628e-02
8.027853765678574782e-02
8.023171539506269989e-02
8.015056256375957533e-02
7.988591244710759043e-02
7.959518680290129933e-02
7.921736164150194881e-02
7.879147222078933255e-02
7.844109486780714846e-02
9.008146377948475503e-02
8.943932161506744360e-02
8.873935440622754411e-02
8.956755505685584651e-02
9.020633495485801123e-02
7.854171563515924270e-02
7.882288423517795628e-02
7.917276276669131529e-02
7.959477766454130243e-02
7.984653117520891519e-02
7.996203066335047516e-02
8.010125369458494238e-02
8.002507770471946336e-02
7.996284349943064140e-02
7.980165764178681620e-02
7.958096054857538570e-02
7.935871634891045190e-02
7.914026673445424820e-02
7.987914424232427091e-02
8.064933602755997022e-02
8.130367761693554907e-02
8.203134122513669468e-02
8.260353337653547623e-02
8.309373500166519766e-02
8.347859638769994373e-02
8.382810408477452124e-02
8.404628640196989964e-02
8.420257185946752876e-02
8.431499636286396426e-02
8.435806704685354374e-02
8.430038089915183053e-02
8.428911333287297802e-02
8.414884119900553627e-02
8.402061751660569455e-02
8.400101039201604558e-02
8.392342874677474751e-02
8.383578022707369182e-02
8.383578022707369182e-02
8.392342874677474751e-02
8.400101039201604558e-02
8.402061751660569455e-02
8.414884119900553627e-02
8.428911333287297802e-02
8.430038089915183053e-02
8.435806704685354374e-02
8.431499636286396426e-02
8.420257185946752876e-02
8.404628640196989964e-02
8.382810408477452124e-02
8.347859638769994373e-02
8.309373500166519766e-02
8.260353337653547623e-02
8.203134122513669468e-02
8.130367761693554907e-02
8.064933602755997022e-02
7.987914424232427091e-02
7.914026673445424820e-02
7.935871634891045190e-02
7.958096054857538570e-02
7.980165764178681620e-02
7.996284349943064140e-02
8.002507770471946336e-02
8.010125369458494238e-02
7.996203066335047516e-02
7.984653117520891519e-02
7.959477766454130243e-02
7.917276276669131529e-02
7.882288423517795628e-02
7.854171563515924270e-02
9.020633495485801123e-02
8.956755505685584651e-02
9.023492858958756524e-02
9.076193318059025406e-02
7.878221217004317822e-02
7.906763469051431015e-02
7.941968193649157071e-02
7.965033540256404032e-02
7.978605050715888158e-02
7.984849713022550144e-02
7.984517364973106601e-02
7.962965523720760830e-02
7.950534908647940990e-02
7.923599798917384252e-02
7.901894913449031277e-02
7.873499151355602133e-02
7.841483742288173076e-02
7.882819655692223371e-02
7.955402722642331004e-02
8.030446561255591420e-02
8.098771423479753095e-02
8.164792267967174721e-02
8.214305657236226077e-02
8.272429343007504932e-02
8.320307242694346961e-02
8.356790476709634319e-02
8.392179920940343041e-02
8.412928863963525794e-02
8.429321395543375173e-02
8.448755906035639029e-02
8.451007818103517533e-02
8.463965711409249248e-02
8.459033137040888883e-02
8.459870219102721967e-02
8.466210495228862487e-02
8.459662666401009112e-02
8.459662666401009112e-02
8.466210495228862487e-02
8.459870219102721967e-02
8.459033137040888883e-02
8.463965711409249248e-02
8.451007818103517533e-02
8.448755906035639029e-02
8.429321395543375173e-02
8.412928863963525794e-02
8.392179920940343041e-02
8.356790476709634319e-02
8.320307242694346961e-02
8.272429343007504932e-02
8.214305657236226077e-02
8.164792267967174721e-02
8.098771423479753095e-02
8.030446561255591420e-02
7.955402722642331004e-02
7.882819655692223371e-02
7.841483742288173076e-02
7.873499151355602133e-02
7.901894913449031277e-02
7.923599798917384252e-02
7.950534908647940990e-02
7.962965523720760830e-02
7.984517364973106601e-02
7.984849713022550144e-02
7.978605050715888158e-02
7.965033540256404032e-02
7.941968193649157071e-02
7.906763469051431015e-02
7.878221217004317822e-02
9.076193318059025406e-02
9.023492858958756524e-02
9.069926716163717595e-02
9.109915778104032968e-02
7.898434035931609087e-02
7.919103792981684042e-02
7.936785108087751617e-02
7.948848528092046506e-02
7.957478598491038446e-02
7.949633470550851455e-02
7.934656025226971554e-02
7.914152767070080363e-02
7.893575508769425098e-02
7.867315421186897584e-02
7.833737005702341716e-02
7.813945570908890914e-02
7.778535618204399094e-02
7.796665327524271438e-02
7.859806223448696783e-02
7.930584715219651804e-02
8.004071902090835466e-02
8.065403604929528847e-02
8.134730619081537162e-02
8.188000562147107475e-02
8.246592717974798870e-02
8.296152548528487602e-02
8.333289189894237114e-02
8.373411829975355158e-02
8.408396327748732246e-02
8.438304333604966512e-02
8.459044167862940500e-02
8.479345025973701599e-02
8.486064019474574838e-02
8.492451250649654670e-02
8.502566097910038700e-02
8.506632179459809595e-02
8.506632179459809595e-02
8.502566097910038700e-02
8.492451250649654670e-02
8.486064019474574838e-02
8.479345025973701599e-02
8.459044167862940500e-02
8.438304333604966512e-02
8.408396327748732246e-02
8.373411829975355158e-02
8.333289189894237114e-02
8.296152548528487602e-02
8.246592717974798870e-02
8.188000562147107475e-02
8.134730619081537162e-02
8.065403604929528847e-02
8.004071902090835466e-02
7.930584715219651804e-02
7.859806223448696783e-02
7.796665327524271438e-02
7.778535618204399094e-02
7.813945570908890914e-02
7.833737005702341716e-02
7.867315421186897584e-02
7.893575508769425098e-02
7.914152767070080363e-02
7.934656025226971554e-02
7.949633470550851455e-02
7.957478598491038446e-02
7.948848528092046506e-02
7.936785108087751617e-02
7.919103792981684042e-02
7.898434035931609087e-02
9.109915778104032968e-02
9.069926716163717595e-02
9.101788692829079763e-02
7.892029226635896566e-02
7.906763469051431015e-02
7.921796938079872508e-02
7.928391709732647563e-02
7.927621717062752205e-02
7.913660996717639118e-02
7.905945969168150234e-02
7.884803117534132377e-02
7.864280123108599585e-02
7.836527370066838361e-02
7.800299284093838159e-02
7.775805756570265681e-02
7.738489843194319706e-02
7.709274570522545167e-02
7.723871086755988713e-02
7.783278500976846537e-02
7.845349672101675775e-02
8.906308243736346664e-02
8.929194504702837876e-02
8.949395158410131113e-02
8.982255202243644154e-02
8.993402898687019587e-02
9.010633855369966361e-02
9.027623791927905095e-02
9.032410270670498953e-02
9.036911051187081212e-02
9.041618550422836353e-02
9.046409249537230857e-02
9.049194589565345836e-02
9.041574247537831344e-02
9.046558122209714947e-02
9.042478823588891157e-02
9.040918230601370509e-02
9.040918230601370509e-02
9.042478823588891157e-02
9.046558122209714947e-02
9.041574247537831344e-02
9.049194589565345836e-02
9.046409249537230857e-02
9.041618550422836353e-02
9.036911051187081212e-02
9.032410270670498953e-02
9.027623791927905095e-02
9.010633855369966361e-02
8.993402898687019587e-02
8.982255202243644154e-02
8.949395158410131113e-02
8.929194504702837876e-02
8.906308243736346664e-02
7.845349672101675775e-02
7.783278500976846537e-02
7.723871086755988713e-02
7.709274570522545167e-02
7.738489843194319706e-02
7.775805756570265681e-02
7.800299284093838159e-02
7.836527370066838361e-02
7.864280123108599585e-02
7.884803117534132377e-02
7.905945969168150234e-02
7.913660996717639118e-02
7.927621717062752205e-02
7.928391709732647563e-02
7.921796938079872508e-02
7.906763469051431015e-02
7.892029226635896566e-02
9.101788692829079763e-02
9.127734475229126732e-02
7.898471941103059335e-02
7.907143425451407248e-02
7.913193045756063138e-02
7.907143425451407248e-02
7.892217593131636844e-02
7.877868358826038697e-02
7.855401405910281132e-02
7.827800175489080248e-02
7.806424362174084475e-02
7.777882110126969895e-02
7.750746481737530447e-02
7.707333091314438889e-02
7.684282267741276984e-02
7.645699094652191885e-02
7.651146156752462735e-02
7.706967704721634504e-02
8.845813397301692527e-02
8.878279051701376545e-02
8.897831833510867761e-02
8.928911583698297127e-02
8.948578788035153886e-02
8.977680811544914985e-02
8.997415903780722757e-02
9.014860701722851588e-02
9.032318351787049782e-02
9.040172019700859485e-02
9.046103508737696197e-02
9.061617974639049611e-02
9.068081474196879044e-02
9.065440249275064089e-02
9.072713178655834876e-02
9.070336711726650902e-02
9.069234684507553046e-02
9.069234684507553046e-02
9.070336711726650902e-02
9.072713178655834876e-02
9.065440249275064089e-02
9.068081474196879044e-02
9.061617974639049611e-02
9.046103508737696197e-02
9.040172019700859485e-02
9.032318351787049782e-02
9.014860701722851588e-02
8.997415903780722757e-02
8.977680811544914985e-02
8.948578788035153886e-02
8.928911583698297127e-02
8.897831833510867761e-02
8.878279051701376545e-02
8.845813397301692527e-02
7.706967704721634504e-02
7.651146156752462735e-02
7.645699094652191885e-02
7.684282267741276984e-02
7.707333091314438889e-02
7.750746481737530447e-02
7.777882110126969895e-02
7.806424362174084475e-02
7.827800175489080248e-02
7.855401405910281132e-02
7.877868358826038697e-02
7.892217593131636844e-02
7.907143425451407248e-02
7.913193045756063138e-02
7.907143425451407248e-02
7.898471941103059335e-02
9.127734475229126732e-02
9.145648721581463303e-02
7.907091151741652002e-02
7.907176345862582112e-02
7.901246868566093318e-02
7.891732784550388458e-02
7.866522029642848690e-02
7.847493861611440358e-02
7.822852481751137177e-02
7.794834602148316416e-02
7.757977860641532275e-02
7.726991867540745906e-02
7.691230486955133450e-02
7.663224295515005946e-02
7.621933274028235006e-02
7.588460309855284136e-02
7.593325635390640871e-02
8.798221274367025446e-02
8.826855246095452467e-02
8.856572430556036712e-02
8.885233444756251986e-02
8.915163499738990027e-02
8.934423122642702608e-02
8.963168213522684780e-02
8.982452669745231988e-02
9.011220031612184045e-02
9.029109678603472466e-02
9.037533315738660589e-02
9.055462977745779019e-02
9.063985054640914807e-02
9.072564072567339266e-02
9.080444513152000074e-02
9.089335859501267156e-02
9.088479307372972216e-02
9.097775550865475069e-02
9.097775550865475069e-02
9.088479307372972216e-02
9.089335859501267156e-02
9.080444513152000074e-02
9.072564072567339266e-02
9.063985054640914807e-02
9.055462977745779019e-02
9.037533315738660589e-02
9.029109678603472466e-02
9.011220031612184045e-02
8.982452669745231988e-02
8.963168213522684780e-02
8.934423122642702608e-02
8.915163499738990027e-02
8.885233444756251986e-02
8.856572430556036712e-02
8.826855246095452467e-02
8.798221274367025446e-02
7.593325635390640871e-02
7.588460309855284136e-02
7.621933274028235006e-02
7.663224295515005946e-02
7.691230486955133450e-02
7.726991867540745906e-02
7.757977860641532275e-02
7.794834602148316416e-02
7.822852481751137177e-02
7.847493861611440358e-02
7.866522029642848690e-02
7.891732784550388458e-02
7.901246868566093318e-02
7.907176345862582112e-02
7.907091151741652002e-02
9.145648721581463303e-02
9.154829307584155806e-02
7.916277553067135875e-02
7.906763469051431015e-02
7.897723905885406515e-02
7.878720578805314956e-02
7.850178326758201763e-02
7.821663651767550574e-02
7.794683225274842697e-02
7.766260661746071658e-02
7.737852431298614109e-02
7.700314841182469283e-02
7.662749571721334807e-02
7.625379000802130769e-02
7.578823733233593096e-02
7.541475458149533850e-02
7.537258115731666763e-02
8.793700234298104657e-02
8.822250780248433455e-02
8.841652878777986335e-02
8.870211065540724305e-02
8.898774049725932667e-02
8.927337993992558174e-02
8.955902963224533775e-02
8.984469028080530051e-02
9.003527326719790169e-02
9.022581999342972614e-02
9.041192073767675974e-02
9.060236757117473561e-02
9.069764692589572797e-02
9.078949681855709442e-02
9.088468774516665627e-02
9.097774211725369320e-02
9.107288737087031183e-02
9.107217011032980869e-02
9.107217011032980869e-02
9.107288737087031183e-02
9.097774211725369320e-02
9.088468774516665627e-02
9.078949681855709442e-02
9.069764692589572797e-02
9.060236757117473561e-02
9.041192073767675974e-02
9.022581999342972614e-02
9.003527326719790169e-02
8.984469028080530051e-02
8.955902963224533775e-02
8.927337993992558174e-02
8.898774049725932667e-02
8.870211065540724305e-02
8.841652878777986335e-02
8.822250780248433455e-02
8.793700234298104657e-02
7.537258115731666763e-02
7.541475458149533850e-02
7.578823733233593096e-02
7.625379000802130769e-02
7.662749571721334807e-02
7.700314841182469283e-02
7.737852431298614109e-02
7.766260661746071658e-02
7.794683225274842697e-02
7.821663651767550574e-02
7.850178326758201763e-02
7.878720578805314956e-02
7.897723905885406515e-02
7.906763469051431015e-02
7.916277553067135875e-02
9.154829307584155806e-02
