 -0.083372
 -0.083073
 -0.084740
 -0.083164
 -0.083464
 -0.084935
 -0.083255
 -0.082904
 -0.083620
 -0.083659
 -0.083086
 -0.083437
 -0.082891
 -0.082956
 -0.083255
 -0.083294
 -0.082982
 -0.084089
 -0.083307
 -0.083151
 -0.083581
 -0.083346
 -0.083229
 -0.083984
 -0.083255
 -0.083008
 -0.083464
 -0.083906
 -0.084206
 -0.084466
 -0.083385
 -0.082904
 -0.082969
 -0.095911
 -0.110990
 -0.122995
 -0.136510
 -0.149948
 -0.164323
 -0.177357
 -0.191484
 -0.209948
 -0.227969
 -0.244492
 -0.258073
 -0.272643
 -0.291393
 -0.312018
 -0.326823
 -0.340182
 -0.353958
 -0.367448
 -0.381029
 -0.390404
 -0.395677
 -0.409440
 -0.423464
 -0.433724
 -0.437604
 -0.451549
 -0.464714
 -0.477500
 -0.486901
 -0.492526
 -0.504258
 -0.518216
 -0.531771
 -0.534727
 -0.546484
 -0.558984
 -0.566641
 -0.573125
 -0.573398
 -0.587604
 -0.600599
 -0.609909
 -0.613945
 -0.614062
 -0.625990
 -0.629518
 -0.641016
 -0.642174
 -0.656576
 -0.657461
 -0.669023
 -0.669297
 -0.682044
 -0.682604
 -0.695781
 -0.695937
 -0.709375
 -0.710417
 -0.710508
 -0.723320
 -0.723372
 -0.731836
 -0.737422
 -0.742422
 -0.751419
 -0.752201
 -0.759622
 -0.765807
 -0.765768
 -0.778841
 -0.779102
 -0.792760
 -0.792839
 -0.805508
 -0.806523
 -0.812969
 -0.820859
 -0.821615
 -0.833177
 -0.834453
 -0.845729
 -0.848477
 -0.856341
 -0.862487
 -0.864089
 -0.876719
 -0.876745
 -0.879609
 -0.889831
 -0.889831
 -0.900534
 -0.903073
 -0.903060
 -0.915924
 -0.916042
 -0.928854
 -0.930234
 -0.940352
 -0.942461
 -0.951523
 -0.956445
 -0.961836
 -0.970091
 -0.972539
 -0.984544
 -0.985703
 -0.996875
 -0.997253
 -1.010391
 -1.010560
 -1.023073
 -1.023867
 -1.036745
 -1.038190
 -1.045768
 -1.051458
 -1.052174
 -1.065469
 -1.065807
 -1.078125
 -1.079284
 -1.086589
 -1.093411
 -1.093945
 -1.105508
 -1.105495
 -1.116107
 -1.119154
 -1.119115
 -1.119154
 -1.126589
 -1.132122
 -1.132161
 -1.144440
 -1.146224
 -1.152865
 -1.158893
 -1.164440
 -1.173021
 -1.173581
 -1.181914
 -1.187070
 -1.189870
 -1.201523
 -1.201732
 -1.214349
 -1.214375
 -1.223841
 -1.228203
 -1.229089
 -1.241784
 -1.241823
 -1.254102
 -1.256237
 -1.263437
 -1.269818
 -1.275404
 -1.283997
 -1.284714
 -1.297904
 -1.298008
 -1.310091
 -1.312253
 -1.317721
 -1.326211
 -1.326927
 -1.339362
 -1.339401
 -1.351380
 -1.352370
 -1.359727
 -1.366680
 -1.366602
 -1.374401
 -1.379258
 -1.381602
 -1.393112
 -1.393229
 -1.402279
 -1.407122
 -1.409154
 -1.420990
 -1.421693
 -1.429987
 -1.434518
 -1.437187
 -1.447878
 -1.448607
 -1.460638
 -1.461849
 -1.472031
 -1.476159
 -1.479674
 -1.489492
 -1.489518
 -1.503099
 -1.503633
 -1.514388
 -1.517513
 -1.520951
 -1.531719
 -1.531784
 -1.542370
 -1.544414
 -1.544909
 -1.557956
 -1.557852
 -1.567891
 -1.571159
 -1.574141
 -1.585339
 -1.585664
 -1.597956
 -1.598294
 -1.605404
 -1.612370
 -1.612643
 -1.625026
 -1.626263
 -1.629349
 -1.640443
 -1.641003
 -1.652096
 -1.659193
 -1.665013
 -1.667565
 -1.667630
 -1.681081
 -1.681250
 -1.690065
 -1.695599
 -1.695964
 -1.708945
 -1.709167
 -1.718229
 -1.723307
 -1.728477
 -1.737227
 -1.737839
 -1.751185
 -1.751263
 -1.765820
 -1.769310
 -1.772383
 -1.782500
 -1.782982
 -1.794870
 -1.795247
 -1.801914
 -1.809414
 -1.810781
 -1.821458
 -1.821497
 -1.834010
 -1.835378
 -1.841706
 -1.849167
 -1.850937
 -1.862734
 -1.863594
 -1.873841
 -1.875794
 -1.881536
 -1.889609
 -1.889753
 -1.902904
 -1.902995
 -1.914206
 -1.917279
 -1.922578
 -1.930430
 -1.930443
 -1.941953
 -1.944466
 -1.950130
 -1.958424
 -1.958424
 -1.972044
 -1.972799
 -1.980273
 -1.984622
 -1.987565
 -1.997943
 -1.998411
 -2.009531
 -2.011042
 -2.015911
 -2.025352
 -2.025885
 -2.037630
 -2.038047
 -2.048997
 -2.052161
 -2.054076
 -2.066107
 -2.066185
 -2.078008
 -2.080625
 -2.082044
 -2.093516
 -2.093555
 -2.104583
 -2.107383
 -2.109258
 -2.120820
 -2.121003
 -2.129753
 -2.135286
 -2.136849
 -2.148698
 -2.148841
 -2.157161
 -2.162852
 -2.164258
 -2.176732
 -2.176862
 -2.185573
 -2.190990
 -2.191602
 -2.204115
 -2.204818
 -2.208190
 -2.218073
 -2.218125
 -2.228529
 -2.231055
 -2.232383
 -2.245260
 -2.245299
 -2.254622
 -2.257812
 -2.258164
 -2.271081
 -2.271771
 -2.281810
 -2.285664
 -2.286367
 -2.299310
 -2.299935
 -2.306029
 -2.312487
 -2.312891
 -2.325638
 -2.326224
 -2.327669
 -2.339753
 -2.339701
 -2.350156
 -2.353984
 -2.354336
 -2.367018
 -2.367266
 -2.372578
 -2.381419
 -2.381693
 -2.395026
 -2.395521
 -2.397461
 -2.409661
 -2.409896
 -2.419857
 -2.422318
 -2.423190
 -2.435417
 -2.435703
 -2.441224
 -2.449089
 -2.449010
 -2.458112
 -2.463346
 -2.463451
 -2.474870
 -2.476250
 -2.483568
 -2.490443
 -2.490430
 -2.501927
 -2.504323
 -2.507083
 -2.518581
 -2.518620
 -2.526432
 -2.531849
 -2.532383
 -2.541289
 -2.545768
 -2.546250
 -2.559206
 -2.559388
 -2.563945
 -2.573477
 -2.573555
 -2.581562
 -2.587005
 -2.586927
 -2.599857
 -2.600990
 -2.604427
 -2.614870
 -2.614870
 -2.624115
 -2.628997
 -2.628984
 -2.640560
 -2.643021
 -2.645872
 -2.656133
 -2.656198
 -2.660495
 -2.668984
 -2.669049
 -2.677669
 -2.683268
 -2.683307
 -2.694766
 -2.695573
 -2.696029
 -2.707344
 -2.709622
 -2.710260
 -2.723190
 -2.723411
 -2.724479
 -2.737591
 -2.737760
 -2.744857
 -2.750234
 -2.750104
 -2.757331
 -2.763789
 -2.763867
 -2.773047
 -2.777227
 -2.777096
 -2.785443
 -2.791536
 -2.791549
 -2.799896
 -2.804740
 -2.804792
 -2.816159
 -2.818984
 -2.818958
 -2.830495
 -2.833151
 -2.833372
 -2.845260
 -2.847383
 -2.847461
 -2.855443
 -2.859674
 -2.859674
 -2.865339
 -2.872448
 -2.873190
 -2.873581
 -2.886055
 -2.886328
 -2.887305
 -2.897956
 -2.900664
 -2.900638
 -2.908008
 -2.913516
 -2.913490
 -2.918047
 -2.927214
 -2.927708
 -2.927630
 -2.936823
 -2.939258
 -2.941732
 -2.941706
 -2.944596
 -2.953698
 -2.956094
 -2.956081
 -2.956745
 -2.966966
 -2.968971
 -2.969310
 -2.971471
 -2.977305
 -2.983034
 -2.983060
 -2.983034
 -2.983086
 -2.985755
 -2.989596
 -2.996289
 -2.996706
 -2.996732
 -2.996667
 -2.996992
 -2.996706
 -2.996471
 -2.993516
 -2.995716
 -2.996680
 -2.996641
 -2.986471
 -2.983008
 -2.983034
 -2.981263
 -2.971029
 -2.969141
 -2.960977
 -2.949518
 -2.926771
 -2.874401
 -2.440456
 -2.256042
 -2.206328
 -2.178490
 -2.162826
 -2.148672
 -2.136211
 -2.134609
 -2.120898
 -2.120534
 -2.107682
 -2.107370
 -2.105156
 -2.094714
 -2.093477
 -2.093477
 -2.088008
 -2.080495
 -2.080482
 -2.069193
 -2.066198
 -2.066146
 -2.066146
 -2.056003
 -2.052305
 -2.038646
 -2.023073
 -1.659193
 -1.626237
 -1.612812
 -1.612214
 -1.611875
 -1.604102
 -1.598177
 -1.588659
