  0.000000
 -0.000020
 -0.000033
  0.000039
  0.000020
 -0.000020
  0.000000
  0.000072
 -0.000020
 -0.000046
 -0.000033
 -0.000072
 -0.000117
 -0.000046
  0.000039
 -0.000052
  0.000046
  0.000046
  0.000137
  0.000143
  0.000195
  0.000039
  0.000072
  0.000007
  0.000052
  0.000013
  0.000104
  0.000026
  0.000137
 -0.000013
  0.000046
  0.000091
  0.000130
  0.000007
 -0.000189
  0.040085
  0.053815
  0.070768
  0.087852
  0.106074
  0.123620
  0.141758
  0.160879
  0.181315
  0.201647
  0.223867
  0.245853
  0.269492
  0.291543
  0.315241
  0.338809
  0.362585
  0.387480
  0.413535
  0.440645
  0.468164
  0.494115
  0.522513
  0.548646
  0.575690
  0.601569
  0.628138
  0.654714
  0.681504
  0.708327
  0.735033
  0.762708
  0.789687
  0.816465
  0.843437
  0.870156
  0.899212
  0.928255
  0.958379
  0.986719
  1.015371
  1.045514
  1.079779
  1.110267
  1.139349
  1.169017
  1.199922
  1.227904
  1.261517
  1.293158
  1.324108
  1.354727
  1.385742
  1.414792
  1.445964
  1.475645
  1.505794
  1.536309
  1.567363
  1.597409
  1.629336
  1.659505
  1.690951
  1.721302
  1.752363
  1.782454
  1.814095
  1.842298
  1.873620
  1.902480
  1.934128
  1.964447
  1.997520
  2.028587
  2.060039
  2.090892
  2.121725
  2.152591
  2.183496
  2.214056
  2.244564
  2.274785
  2.305306
  2.335710
  2.368105
  2.397194
  2.427728
  2.458314
  2.489023
  2.520182
  2.550645
  2.582064
  2.613066
  2.643906
  2.676374
  2.708053
  2.738568
  2.769570
  2.800430
  2.831973
  2.863066
  2.894453
  2.926074
  2.957298
  2.988210
  3.019062
  3.049766
  3.081647
  3.113301
  3.144264
  3.175423
  3.207025
  3.238066
  3.269362
  3.300599
  3.332103
  3.363385
  3.394355
  3.425384
  3.457259
  3.488600
  3.520039
  3.552148
  3.583815
  3.615299
  3.647786
  3.679525
  3.713568
  3.745573
  3.776914
  3.807663
  3.838874
  3.871029
  3.902103
  3.933997
  3.965599
  3.996895
  4.029297
  4.061009
  4.092702
  4.124382
  4.155990
  4.187708
  4.218594
  4.249857
  4.281003
  4.312917
  4.343594
  4.375566
  4.408242
  4.439681
  4.470521
  4.502090
  4.534258
  4.565911
  4.597565
  4.629238
  4.660951
  4.692090
  4.723008
  4.754395
  4.786126
  4.817142
  4.848750
  4.881582
  4.912344
  4.945007
  4.977018
  5.008932
  5.040039
  5.072363
  5.105658
  5.138027
  5.170514
  5.204388
  5.238177
  5.270195
  5.301868
  5.334329
  5.366465
  5.398815
  5.432376
  5.464844
  5.498405
  5.530736
  5.562721
  5.595039
  5.627305
  5.659466
  5.691003
  5.723112
  5.755918
  5.787259
  5.819928
  5.851849
  5.884362
  5.916549
  5.948359
  5.980729
  6.011953
  6.044863
  6.076934
  6.110547
  6.142839
  6.174206
  6.206777
  6.238639
  6.270365
  6.302539
  6.334518
  6.367780
  6.399408
  6.431016
  6.463223
  6.496895
  6.528783
  6.560677
  6.593151
  6.625527
  6.657376
  6.689603
  6.722064
  6.783561
  6.789043
  6.818796
  6.850651
  6.882565
  6.915247
  6.947357
  6.978887
  7.011113
  7.044004
  7.076797
  7.108854
  7.140586
  7.171185
  7.203665
  7.235697
  7.268307
  7.300508
  7.332956
  7.364668
  7.396719
  7.428223
  7.460456
  7.492487
  7.524714
  7.556823
  7.589128
  7.621745
  7.653594
  7.684655
  7.717480
  7.748809
  7.782083
  7.813437
  7.845924
  7.877220
  7.909603
  7.940983
  7.973021
  8.004980
  8.037103
  8.069043
  8.100911
  8.133288
  8.165436
  8.196953
  8.229310
  8.261009
  8.293542
  8.324434
  8.356589
  8.388691
  8.419798
  8.451400
  8.483301
  8.515306
  8.548105
  8.579980
  8.612370
  8.644329
  8.676022
  8.708132
  8.740150
  8.771510
  8.803574
  8.835697
  8.867624
  8.899134
  8.932435
  8.964141
  8.996328
  9.029434
  9.061224
  9.093900
  9.126361
  9.158092
  9.190293
  9.222018
  9.255052
  9.287057
  9.319831
  9.352448
  9.384017
  9.415697
  9.448112
  9.479740
  9.511413
  9.544596
  9.578053
  9.610378
  9.643268
  9.675260
  9.707682
  9.740892
  9.773457
  9.804798
  9.837546
  9.870671
  9.903652
  9.935957
  9.968529
 10.000130
 10.032637
 10.065000
 10.097337
 10.128665
 10.161569
 10.194310
 10.226185
 10.259095
 10.292187
 10.325007
 10.358158
 10.390124
 10.422930
 10.455612
 10.488236
 10.520918
 10.554557
 10.587643
 10.619284
 10.652129
 10.684681
 10.717155
 10.750443
 10.781725
 10.814264
 10.847253
 10.880931
 10.914538
 10.948034
 10.980964
 11.014219
 11.046797
 11.080046
 11.113958
 11.147331
 11.179447
 11.212708
 11.245723
 11.279850
 11.312695
 11.347187
 11.379961
 11.412734
 11.445814
 11.478750
 11.512520
 11.545215
 11.578008
 11.612493
 11.645534
 11.679271
 11.712799
 11.745645
 11.778483
 11.812585
 11.845534
 11.879746
 11.912240
 11.945645
 11.977793
 12.012409
 12.045215
 12.078288
 12.111178
 12.145078
 12.178398
 12.211699
 12.244915
 12.278405
 12.311185
 12.344915
 12.378978
 12.411934
 12.444108
 12.478158
 12.511354
 12.546022
 12.578288
 12.611569
 12.645234
 12.679036
 12.711621
 12.745260
 12.779245
 12.812741
 12.846094
 12.880260
 12.912832
 12.946693
 12.980033
 13.014056
 13.047793
 13.081868
 13.115117
 13.148783
 13.182207
 13.217337
 13.250319
 13.284818
 13.318424
 13.352747
 13.386543
 13.421315
 13.454427
 13.489141
 13.522910
 13.557474
 13.590560
 13.624876
 13.657734
 13.692077
 13.725612
 13.761074
 13.794583
 13.828724
 13.862461
 13.896217
 13.930033
 13.964421
 13.997884
 14.031751
 14.065755
 14.100618
 14.133841
 14.168294
 14.201745
 14.236517
 14.270091
 14.304707
 14.338874
 14.373659
 14.407025
 14.441497
 14.475098
 14.510293
 14.544062
 14.579010
 14.612650
 14.647298
 14.680234
 14.715579
 14.749616
 14.785234
 14.818633
 14.853483
 14.886719
 14.921191
 14.955156
 14.990143
 15.024115
 15.058997
 15.093372
 15.128118
 15.162962
 15.198405
 15.232318
 15.266979
 15.302917
 15.337676
 15.373398
 15.409414
 15.444160
 15.482292
 15.519076
 15.557643
 15.594766
 15.634043
 15.672298
 15.712656
 15.754355
 15.802070
 15.856283
 43.177311
 48.610059
 48.610436
 48.610638
 48.610690
 48.610775
 48.610788
 48.610866
 48.610820
 48.610911
 48.610872
 48.610977
 48.610957
 48.610944
 48.610937
 48.610951
 48.610931
 48.611009
 48.610983
 48.611003
 48.611003
 48.610990
 48.610944
 48.610977
 48.610983
 48.611003
 48.610970
 48.611016
 48.610977
 48.611061
 48.611003
 48.611029
 48.610964
 48.611055
 48.611016
 48.611055
 48.610964
 48.610990
 48.610983
 48.611074
 48.611087
 48.611152
 48.611087
 48.611107
 48.611048
 48.611068
 48.611100
 48.611107
